/*--------------------------------*- C++ -*----------------------------------*\
  =========                 |
  \\      /  F ield         | OpenFOAM: The Open Source CFD Toolbox
   \\    /   O peration     | Website:  https://openfoam.org
    \\  /    A nd           | Version:  9
     \\/     M anipulation  |
\*---------------------------------------------------------------------------*/
FoamFile
{
    format      ascii;
    class       labelList;
    note        "nPoints:4682  nCells:2215  nFaces:8985  nInternalFaces:4305";
    location    "constant/polyMesh";
    object      neighbour;
}
// * * * * * * * * * * * * * * * * * * * * * * * * * * * * * * * * * * * * * //


4305
(
1
22
2
23
3
24
4
25
5
26
6
27
7
28
8
29
9
30
10
31
11
32
12
33
13
34
14
35
15
36
16
37
17
38
18
39
19
40
20
41
21
42
43
23
44
24
45
25
46
26
47
27
48
28
49
29
50
30
51
31
52
32
53
33
54
34
55
35
56
36
57
37
58
38
59
39
60
40
61
41
62
42
63
43
64
65
45
66
46
67
47
68
48
69
49
70
50
71
51
72
52
73
53
74
54
75
55
76
56
77
57
78
58
79
59
80
60
81
61
82
62
83
63
84
64
85
65
86
87
67
88
68
89
69
90
70
91
71
92
72
93
73
94
74
95
75
96
76
97
77
98
78
99
79
100
80
101
81
102
82
103
83
104
84
105
85
106
86
107
87
108
109
89
110
90
111
91
112
92
113
93
114
94
115
95
116
96
117
97
118
98
119
99
120
100
121
101
122
102
123
103
124
104
125
105
126
106
127
107
128
108
129
109
130
131
111
132
112
133
113
134
114
135
115
136
116
137
117
138
118
139
119
140
120
141
121
142
122
143
123
144
124
145
125
146
126
147
127
148
128
149
129
150
130
151
131
152
153
133
154
134
155
135
156
136
157
137
158
138
159
139
160
140
161
141
162
142
163
143
164
144
165
145
166
146
167
147
168
148
169
149
170
150
171
151
172
152
173
153
174
175
155
176
156
177
157
178
158
179
159
180
160
181
161
182
162
183
163
184
164
185
165
186
166
187
167
188
168
189
169
190
170
191
171
192
172
193
173
194
174
195
175
196
197
177
198
178
199
179
200
180
201
181
202
182
203
183
204
184
205
185
206
186
207
187
208
188
209
189
210
190
211
191
212
192
213
193
214
194
215
195
216
196
217
197
218
219
199
220
200
221
201
222
202
223
203
224
204
225
205
226
206
227
207
228
208
229
209
230
210
231
211
232
212
233
213
234
214
235
215
236
216
237
217
238
218
239
219
240
241
221
242
222
243
223
244
224
245
225
246
226
247
227
248
228
249
229
250
230
251
231
252
232
253
233
254
234
255
235
256
236
257
237
258
238
259
239
260
240
261
241
262
263
243
264
244
265
245
266
246
267
247
268
248
269
249
270
250
271
251
272
252
273
253
274
254
275
255
276
256
277
257
278
258
279
259
280
260
281
261
282
262
283
263
284
285
265
286
266
287
267
288
268
289
269
290
270
291
271
292
272
293
273
294
274
295
275
296
276
297
277
298
278
299
279
300
280
301
281
302
282
303
283
304
284
305
285
306
307
287
308
288
309
289
310
290
311
291
312
292
313
293
314
294
315
295
316
296
317
297
318
298
319
299
320
300
321
301
322
302
323
303
324
304
325
305
326
306
327
307
328
329
309
330
310
331
311
332
312
333
313
334
314
335
315
336
316
337
317
338
318
339
319
340
320
341
321
342
322
343
323
344
324
345
325
346
326
347
327
348
328
349
329
350
351
331
352
332
353
333
354
334
355
335
356
336
357
337
358
338
359
339
360
340
361
341
362
342
363
343
364
344
365
345
366
346
367
347
368
348
369
349
370
350
371
351
372
373
353
374
354
375
355
376
356
377
357
378
358
379
359
380
360
381
361
382
362
383
363
384
364
385
365
386
366
387
367
388
368
389
369
390
370
391
371
392
372
393
373
394
395
375
396
376
397
377
398
378
399
379
400
380
401
381
402
382
403
383
404
384
405
385
406
386
407
387
408
388
409
389
410
390
411
391
412
392
413
393
414
394
415
395
416
417
397
418
398
419
399
420
400
421
401
422
402
423
403
424
404
425
405
426
406
427
407
428
408
429
409
430
410
431
411
432
412
433
413
434
414
435
415
436
416
437
417
438
439
419
440
420
441
421
442
422
443
423
444
424
445
425
446
426
447
427
448
428
449
429
450
430
451
431
452
432
453
433
454
434
455
435
456
436
457
437
458
438
459
439
460
461
441
462
442
463
443
464
444
465
445
466
446
467
447
468
448
469
449
470
450
471
451
472
452
473
453
474
454
475
455
476
456
477
457
478
458
479
459
480
460
481
461
482
483
463
484
464
485
465
486
466
487
467
488
468
489
469
490
470
491
471
492
472
493
473
494
474
495
475
496
476
497
477
498
478
499
479
500
480
501
481
502
482
503
483
504
505
485
506
486
507
487
508
488
509
489
510
490
511
491
512
492
513
493
514
494
515
495
516
496
517
497
518
498
519
499
520
500
521
501
522
502
523
503
524
504
525
505
526
527
507
528
508
529
509
530
510
531
511
532
512
533
513
534
514
535
515
536
516
537
517
538
518
539
519
540
520
541
521
542
522
543
523
544
524
545
525
546
526
547
527
548
549
529
550
530
551
531
552
532
553
533
554
534
555
535
556
536
557
537
558
538
559
539
560
540
561
541
562
542
563
543
564
544
565
545
566
546
567
547
568
548
569
549
570
571
551
572
552
573
553
574
554
575
555
576
556
577
557
578
558
579
559
580
560
581
561
582
562
583
563
584
564
585
565
586
566
587
567
588
568
589
569
590
570
591
571
592
593
573
594
574
595
575
596
576
597
577
598
578
599
579
600
580
601
581
602
582
603
583
604
584
605
585
606
586
607
587
608
588
609
589
610
590
611
591
612
592
613
593
614
615
595
616
596
617
597
618
598
619
599
620
600
621
601
622
602
623
603
624
604
625
605
626
606
627
607
628
608
629
609
630
610
631
611
632
612
633
613
634
614
635
615
636
637
617
638
618
639
619
640
620
641
621
642
622
643
623
644
624
645
625
646
626
647
627
648
628
649
629
650
630
651
631
652
632
653
633
654
634
655
635
656
636
657
637
658
659
639
660
640
661
641
662
642
663
643
664
644
665
645
666
646
667
647
668
648
669
649
670
650
671
651
672
652
673
653
674
654
675
655
676
656
677
657
678
658
679
659
680
681
661
682
662
683
663
684
664
685
665
686
666
687
667
688
668
689
669
690
670
691
671
692
672
693
673
694
674
695
675
696
676
697
677
698
678
699
679
700
680
701
681
702
703
683
704
684
705
685
706
686
707
687
708
688
709
689
710
690
711
691
712
692
713
693
714
694
715
695
716
696
717
697
718
698
719
699
720
700
721
701
722
702
723
703
724
725
705
726
706
727
707
728
708
729
709
730
710
731
711
732
712
733
713
734
714
735
715
736
716
737
717
738
718
739
719
740
720
741
721
742
722
743
723
744
724
745
725
746
747
727
748
728
749
729
750
730
751
731
752
732
753
733
754
734
755
735
756
736
757
737
758
738
759
739
760
740
761
741
762
742
763
743
764
744
765
745
766
746
767
747
768
769
749
770
750
771
751
772
752
773
753
774
754
775
755
776
756
777
757
778
758
779
759
780
760
781
761
782
762
783
763
784
764
785
765
786
766
787
767
788
768
789
769
790
791
771
792
772
793
773
794
774
795
775
796
776
797
777
798
778
799
779
800
780
801
781
802
782
803
783
804
784
805
785
806
786
807
787
808
788
809
789
810
790
811
791
812
813
793
814
794
815
795
816
796
817
797
818
798
819
799
820
800
821
801
822
802
823
803
824
804
825
805
826
806
827
807
828
808
829
809
830
810
831
811
832
812
833
813
834
835
815
836
816
837
817
838
818
839
819
840
820
841
821
842
822
843
823
844
824
845
825
846
826
847
827
848
828
849
829
850
830
851
831
852
832
853
833
854
834
855
835
856
857
837
858
838
859
839
860
840
861
841
862
842
863
843
864
844
865
845
866
846
867
847
868
848
869
849
870
850
871
851
872
852
873
853
874
854
875
855
876
856
877
857
878
879
859
880
860
881
861
882
862
883
863
884
864
885
865
886
866
887
867
888
868
889
869
890
870
891
871
892
872
893
873
894
874
895
875
896
876
897
877
898
878
899
879
900
901
881
902
882
903
883
904
884
905
885
906
886
907
887
908
888
909
889
910
890
911
891
912
892
913
893
914
894
915
895
916
896
917
897
918
898
919
899
920
900
921
901
922
923
903
924
904
925
905
926
906
927
907
928
908
929
909
930
910
931
911
932
912
933
913
934
914
935
915
936
916
937
917
938
918
939
919
940
920
941
921
942
922
943
923
944
945
925
946
926
947
927
948
928
949
929
950
930
951
931
952
932
953
933
954
934
955
935
956
936
957
937
958
938
959
939
960
940
961
941
962
942
963
943
964
944
965
945
966
967
947
968
948
969
949
970
950
971
951
972
952
973
953
974
954
975
955
976
956
977
957
978
958
979
959
980
960
981
961
982
962
983
963
984
964
985
965
986
966
987
967
988
989
969
990
970
991
971
992
972
993
973
994
974
995
975
996
976
997
977
998
978
999
979
1000
980
1001
981
1002
982
1003
983
1004
984
1005
985
1006
986
1007
987
1008
988
1009
989
1010
1011
991
1012
992
1013
993
1014
994
1015
995
1016
996
1017
997
1018
998
1019
999
1020
1000
1021
1001
1022
1002
1023
1003
1024
1004
1025
1005
1026
1006
1027
1007
1028
1008
1029
1009
1030
1010
1031
1011
1032
1033
1013
1034
1014
1035
1015
1036
1016
1037
1017
1038
1018
1039
1019
1040
1020
1041
1021
1042
1022
1043
1023
1044
1024
1045
1025
1046
1026
1047
1027
1048
1028
1049
1029
1050
1030
1051
1031
1052
1032
1053
1033
1054
1055
1035
1056
1036
1057
1037
1058
1038
1059
1039
1060
1040
1061
1041
1062
1042
1063
1043
1064
1044
1065
1045
1066
1046
1067
1047
1068
1048
1069
1049
1070
1050
1071
1051
1072
1052
1073
1053
1074
1054
1075
1055
1076
1077
1057
1078
1058
1079
1059
1080
1060
1081
1061
1082
1062
1083
1063
1084
1064
1085
1065
1086
1066
1087
1067
1088
1068
1089
1069
1090
1070
1091
1071
1092
1072
1093
1073
1094
1074
1095
1075
1096
1076
1097
1077
1098
1099
1079
1100
1080
1101
1081
1102
1082
1103
1083
1104
1084
1105
1085
1106
1086
1107
1087
1108
1088
1109
1089
1110
1090
1111
1091
1112
1092
1113
1093
1114
1094
1115
1095
1116
1096
1117
1097
1118
1098
1119
1099
1120
1121
1101
1122
1102
1123
1103
1124
1104
1125
1105
1126
1106
1127
1107
1128
1108
1129
1109
1130
1110
1131
1111
1132
1112
1133
1113
1134
1114
1135
1115
1136
1116
1137
1117
1138
1118
1139
1119
1140
1120
1141
1121
1142
1143
1123
1144
1124
1145
1125
1146
1126
1147
1127
1148
1128
1149
1129
1150
1130
1151
1131
1152
1132
1153
1133
1154
1134
1155
1135
1156
1136
1157
1137
1158
1138
1159
1139
1160
1140
1161
1141
1162
1142
1163
1143
1164
1165
1145
1166
1146
1167
1147
1168
1148
1169
1149
1170
1150
1171
1151
1172
1152
1173
1153
1174
1154
1175
1155
1176
1156
1177
1157
1178
1158
1179
1159
1180
1160
1181
1161
1182
1162
1183
1163
1184
1164
1185
1165
1186
1187
1167
1188
1168
1189
1169
1190
1170
1191
1171
1192
1172
1193
1173
1194
1174
1195
1175
1196
1176
1197
1177
1198
1178
1199
1179
1200
1180
1201
1181
1202
1182
1203
1183
1204
1184
1205
1185
1206
1186
1207
1187
1208
1209
1189
1210
1190
1211
1191
1212
1192
1213
1193
1214
1194
1215
1195
1216
1196
1217
1197
1218
1198
1219
1199
1220
1200
1221
1201
1222
1202
1223
1203
1224
1204
1225
1205
1226
1206
1227
1207
1228
1208
1229
1209
1230
1231
1211
1232
1212
1233
1213
1234
1214
1235
1215
1236
1216
1237
1217
1238
1218
1239
1219
1240
1220
1241
1221
1242
1222
1243
1223
1244
1224
1245
1225
1246
1226
1247
1227
1248
1228
1249
1229
1250
1230
1251
1231
1252
1253
1233
1254
1234
1255
1235
1256
1236
1257
1237
1258
1238
1259
1239
1260
1240
1261
1241
1262
1242
1263
1243
1264
1244
1265
1245
1266
1246
1267
1247
1268
1248
1269
1249
1270
1250
1271
1251
1272
1252
1273
1253
1274
1275
1255
1276
1256
1277
1257
1278
1258
1279
1259
1280
1260
1281
1261
1282
1262
1283
1263
1284
1264
1285
1265
1286
1266
1287
1267
1288
1268
1289
1269
1290
1270
1291
1271
1292
1272
1293
1273
1294
1274
1295
1275
1296
1297
1277
1298
1278
1299
1279
1300
1280
1301
1281
1302
1282
1303
1283
1304
1284
1305
1285
1306
1286
1307
1287
1308
1288
1309
1289
1310
1290
1311
1291
1312
1292
1313
1293
1314
1294
1315
1295
1316
1296
1317
1297
1318
1319
1299
1320
1300
1321
1301
1322
1302
1323
1303
1324
1304
1325
1305
1326
1306
1327
1307
1328
1308
1329
1309
1330
1310
1331
1311
1332
1312
1333
1313
1334
1314
1335
1315
1336
1316
1337
1317
1338
1318
1339
1319
1340
1341
1321
1342
1322
1343
1323
1344
1324
1345
1325
1346
1326
1347
1327
1348
1328
1349
1329
1350
1330
1351
1331
1352
1332
1353
1333
1354
1334
1355
1335
1356
1336
1357
1337
1358
1338
1359
1339
1360
1340
1361
1341
1362
1363
1343
1364
1344
1365
1345
1366
1346
1367
1347
1368
1348
1369
1349
1370
1350
1371
1351
1372
1352
1373
1353
1374
1354
1375
1355
1376
1356
1377
1357
1378
1358
1379
1359
1380
1360
1381
1361
1382
1362
1383
1363
1384
1385
1365
1386
1366
1387
1367
1388
1368
1389
1369
1390
1370
1391
1371
1392
1372
1393
1373
1394
1374
1395
1375
1396
1376
1397
1377
1398
1378
1399
1379
1400
1380
1401
1381
1402
1382
1403
1383
1404
1384
1405
1385
1406
1407
1387
1408
1388
1409
1389
1410
1390
1411
1391
1412
1392
1413
1393
1414
1394
1415
1395
1416
1396
1417
1397
1418
1398
1419
1399
1420
1400
1421
1401
1422
1402
1423
1403
1424
1404
1425
1405
1426
1406
1427
1407
1428
1429
1409
1430
1410
1431
1411
1432
1412
1433
1413
1434
1414
1435
1415
1436
1416
1437
1417
1438
1418
1439
1419
1440
1420
1441
1421
1442
1422
1443
1423
1444
1424
1445
1425
1446
1426
1447
1427
1448
1428
1449
1429
1450
1451
1431
1452
1432
1453
1433
1454
1434
1455
1435
1456
1436
1457
1437
1458
1438
1459
1439
1460
1440
1461
1441
1462
1442
1463
1443
1464
1444
1465
1445
1466
1446
1467
1447
1468
1448
1469
1449
1470
1450
1471
1451
1472
1473
1453
1474
1454
1475
1455
1476
1456
1477
1457
1478
1458
1479
1459
1480
1460
1481
1461
1482
1462
1483
1463
1484
1464
1485
1465
1486
1466
1487
1467
1488
1468
1489
1469
1490
1470
1491
1471
1492
1472
1493
1473
1494
1495
1475
1496
1476
1497
1477
1498
1478
1499
1479
1500
1480
1501
1481
1502
1482
1503
1483
1504
1484
1505
1485
1506
1486
1507
1487
1508
1488
1509
1489
1510
1490
1511
1491
1512
1492
1513
1493
1514
1494
1515
1495
1516
1517
1497
1518
1498
1519
1499
1520
1500
1521
1501
1522
1502
1523
1503
1524
1504
1525
1505
1526
1506
1527
1507
1528
1508
1529
1509
1530
1510
1531
1511
1532
1512
1533
1513
1534
1514
1535
1515
1536
1516
1537
1517
1538
1539
1519
1540
1520
1541
1521
1542
1522
1543
1523
1544
1524
1545
1525
1546
1526
1547
1527
1548
1528
1549
1529
1550
1530
1551
1531
1552
1532
1553
1533
1554
1534
1555
1535
1556
1536
1557
1537
1558
1538
1559
1539
1560
1561
1541
1562
1542
1563
1543
1564
1544
1565
1545
1566
1546
1567
1547
1568
1548
1569
1549
1570
1550
1571
1551
1572
1552
1573
1553
1574
1554
1575
1555
1576
1556
1577
1557
1578
1558
1579
1559
1580
1560
1581
1561
1582
1583
1563
1584
1564
1585
1565
1586
1566
1587
1567
1588
1568
1589
1569
1590
1570
1591
1571
1592
1572
1593
1573
1594
1574
1595
1575
1596
1576
1597
1577
1598
1578
1599
1579
1600
1580
1601
1581
1602
1582
1603
1583
1604
1605
1585
1606
1586
1607
1587
1608
1588
1609
1589
1610
1590
1611
1591
1612
1592
1613
1593
1614
1594
1615
1595
1616
1596
1617
1597
1618
1598
1619
1599
1620
1600
1621
1601
1622
1602
1623
1603
1624
1604
1625
1605
1626
1627
1607
1628
1608
1629
1609
1630
1610
1631
1611
1632
1612
1633
1613
1634
1614
1635
1615
1636
1616
1637
1617
1638
1618
1639
1619
1640
1620
1641
1621
1642
1622
1643
1623
1644
1624
1645
1625
1646
1626
1647
1627
1648
1649
1629
1650
1630
1651
1631
1652
1632
1653
1633
1654
1634
1655
1635
1656
1636
1657
1637
1658
1638
1659
1639
1660
1640
1661
1641
1662
1642
1663
1643
1664
1644
1665
1645
1666
1646
1667
1647
1668
1648
1669
1649
1670
1671
1651
1672
1652
1673
1653
1674
1654
1675
1655
1676
1656
1677
1657
1678
1658
1679
1659
1680
1660
1681
1661
1682
1662
1683
1663
1684
1664
1685
1665
1686
1666
1687
1667
1688
1668
1689
1669
1690
1670
1691
1671
1692
1693
1673
1694
1674
1695
1675
1696
1676
1697
1677
1698
1678
1699
1679
1700
1680
1701
1681
1702
1682
1703
1683
1704
1684
1705
1685
1706
1686
1707
1687
1708
1688
1709
1689
1710
1690
1711
1691
1712
1692
1713
1693
1714
1715
1695
1716
1696
1717
1697
1718
1698
1719
1699
1720
1700
1721
1701
1722
1702
1723
1703
1724
1704
1725
1705
1726
1706
1727
1707
1728
1708
1729
1709
1730
1710
1731
1711
1732
1712
1733
1713
1734
1714
1735
1715
1736
1737
1717
1738
1718
1739
1719
1740
1720
1741
1721
1742
1722
1743
1723
1744
1724
1745
1725
1746
1726
1747
1727
1748
1728
1749
1729
1750
1730
1751
1731
1752
1732
1753
1733
1754
1734
1755
1735
1756
1736
1757
1737
1758
1759
1739
1760
1740
1761
1741
1762
1742
1763
1743
1764
1744
1765
1745
1766
1746
1767
1747
1768
1748
1769
1749
1770
1750
1771
1751
1772
1752
1773
1753
1774
1754
1775
1755
1776
1756
1777
1757
1778
1758
1779
1759
1780
1781
1761
1782
1762
1783
1763
1784
1764
1785
1765
1786
1766
1787
1767
1788
1768
1789
1769
1790
1770
1791
1771
1792
1772
1793
1773
1794
1774
1795
1775
1796
1776
1797
1777
1798
1778
1799
1779
1800
1780
1801
1781
1802
1803
1783
1804
1784
1805
1785
1806
1786
1807
1787
1808
1788
1809
1789
1810
1790
1811
1791
1812
1792
1813
1793
1814
1794
1815
1795
1816
1796
1817
1797
1818
1798
1819
1799
1820
1800
1821
1801
1822
1802
1823
1803
1824
1825
1805
1826
1806
1827
1807
1828
1808
1829
1809
1830
1810
1831
1811
1832
1812
1833
1813
1834
1814
1835
1815
1836
1816
1837
1817
1838
1818
1839
1819
1840
1820
1841
1821
1842
1822
1843
1823
1844
1824
1845
1825
1846
1847
1827
1848
1828
1849
1829
1850
1830
1851
1831
1852
1832
1853
1833
1854
1834
1855
1835
1856
1836
1857
1837
1858
1838
1859
1839
1860
1840
1861
1841
1862
1842
1863
1843
1864
1844
1865
1845
1866
1846
1867
1847
1868
1869
1849
1870
1850
1871
1851
1872
1852
1873
1853
1874
1854
1875
1855
1876
1856
1877
1857
1878
1858
1879
1859
1880
1860
1881
1861
1882
1862
1883
1863
1884
1864
1885
1865
1886
1866
1887
1867
1888
1868
1889
1869
1890
1891
1871
1892
1872
1893
1873
1894
1874
1895
1875
1896
1876
1897
1877
1898
1878
1899
1879
1900
1880
1901
1881
1902
1882
1903
1883
1904
1884
1905
1885
1906
1886
1907
1887
1908
1888
1909
1889
1910
1890
1911
1891
1912
1913
1893
1914
1894
1915
1895
1916
1896
1917
1897
1918
1898
1919
1899
1920
1900
1921
1901
1922
1902
1923
1903
1924
1904
1925
1905
1926
1906
1927
1907
1928
1908
1929
1909
1930
1910
1931
1911
1932
1912
1933
1913
1934
1935
1915
1936
1916
1937
1917
1938
1918
1939
1919
1940
1920
1941
1921
1942
1922
1943
1923
1944
1924
1945
1925
1946
1926
1947
1927
1948
1928
1949
1929
1950
1930
1951
1931
1952
1932
1953
1933
1954
1934
1955
1935
1956
1957
1937
1958
1938
1959
1939
1960
1940
1961
1941
1962
1942
1963
1943
1964
1944
1965
1945
1966
1946
1967
1947
1968
1948
1969
1949
1970
1950
1971
1951
1972
1952
1973
1953
1974
1954
1975
1955
1976
1956
1977
1957
1978
1979
1959
1980
1960
1981
1961
1982
1962
1983
1963
1984
1964
1985
1965
1986
1966
1987
1967
1988
1968
1989
1969
1990
1970
1991
1971
1992
1972
1993
1973
1994
1974
1995
1975
1996
1976
1997
1977
1998
1978
1999
1979
2000
2001
1981
2002
1982
2003
1983
2004
1984
2005
1985
2006
1986
2007
1987
2008
1988
2009
1989
2010
1990
2011
1991
2012
1992
2013
1993
2014
1994
2015
1995
2016
1996
2017
1997
2018
1998
2019
1999
2020
2000
2021
2001
2022
2023
2003
2024
2004
2025
2005
2026
2006
2027
2007
2028
2008
2029
2009
2030
2010
2031
2011
2032
2012
2033
2013
2034
2014
2035
2015
2036
2016
2037
2017
2038
2018
2039
2019
2040
2020
2041
2021
2042
2022
2043
2023
2044
2045
2025
2046
2026
2047
2027
2048
2028
2049
2029
2050
2030
2051
2031
2052
2032
2053
2033
2054
2034
2055
2035
2056
2036
2057
2037
2058
2038
2059
2039
2060
2040
2061
2041
2062
2042
2063
2043
2064
2044
2065
2045
2066
2067
2047
2068
2048
2069
2049
2070
2050
2071
2051
2072
2052
2073
2053
2074
2054
2075
2055
2076
2056
2077
2057
2078
2058
2079
2059
2080
2060
2081
2061
2082
2062
2083
2063
2084
2064
2085
2065
2086
2066
2087
2067
2088
2089
2069
2090
2070
2091
2071
2092
2072
2093
2073
2094
2074
2095
2075
2096
2076
2097
2077
2098
2078
2099
2079
2100
2080
2101
2081
2102
2082
2103
2083
2104
2084
2105
2085
2106
2086
2107
2087
2108
2088
2109
2089
2110
2111
2091
2112
2202
2092
2113
2093
2114
2094
2115
2095
2116
2096
2117
2097
2118
2098
2119
2099
2120
2100
2121
2101
2122
2102
2123
2103
2124
2104
2125
2105
2126
2106
2127
2107
2128
2108
2129
2109
2130
2110
2131
2111
2132
2133
2113
2134
2205
2114
2135
2115
2136
2116
2137
2117
2138
2118
2139
2119
2140
2120
2141
2121
2142
2122
2143
2123
2144
2124
2145
2125
2146
2126
2147
2127
2148
2128
2149
2129
2150
2130
2151
2131
2152
2132
2153
2133
2154
2155
2135
2156
2208
2136
2157
2137
2158
2138
2159
2139
2160
2140
2161
2141
2162
2142
2163
2143
2164
2144
2165
2145
2166
2146
2167
2147
2168
2148
2169
2149
2170
2150
2171
2151
2172
2152
2173
2153
2174
2154
2175
2155
2176
2177
2157
2178
2211
2158
2179
2159
2180
2160
2181
2161
2182
2162
2183
2163
2184
2164
2185
2165
2186
2166
2187
2167
2188
2168
2189
2169
2190
2170
2191
2171
2192
2172
2193
2173
2194
2174
2195
2175
2196
2176
2197
2177
2198
2199
2179
2214
2180
2181
2182
2183
2184
2185
2186
2187
2188
2189
2190
2191
2192
2193
2194
2195
2196
2197
2198
2199
2201
2203
2202
2204
2205
2204
2206
2205
2207
2208
2207
2209
2208
2210
2211
2210
2212
2211
2213
2214
2213
2214
)


// ************************************************************************* //
