/*--------------------------------*- C++ -*----------------------------------*\
  =========                 |
  \\      /  F ield         | OpenFOAM: The Open Source CFD Toolbox
   \\    /   O peration     | Website:  https://openfoam.org
    \\  /    A nd           | Version:  9
     \\/     M anipulation  |
\*---------------------------------------------------------------------------*/
FoamFile
{
    format      ascii;
    class       volScalarField;
    location    "10";
    object      p;
}
// * * * * * * * * * * * * * * * * * * * * * * * * * * * * * * * * * * * * * //

dimensions      [1 -1 -2 0 0 0 0];

internalField   nonuniform List<scalar> 
2215
(
101325.0028
101325.0028
101325.0028
101325.0028
101325.0028
101325.0029
101325.0029
101325.0029
101325.0029
101325.0029
101325.0029
101325.0029
101325.0029
101325.0029
101325.0029
101325.0029
101325.0029
101325.0029
101325.0029
101325.0029
101325.0029
101325.0029
101325.0085
101325.0086
101325.0086
101325.0086
101325.0086
101325.0086
101325.0086
101325.0086
101325.0086
101325.0086
101325.0086
101325.0086
101325.0086
101325.0086
101325.0086
101325.0086
101325.0086
101325.0086
101325.0086
101325.0086
101325.0086
101325.0086
101325.0143
101325.0143
101325.0143
101325.0143
101325.0143
101325.0143
101325.0143
101325.0143
101325.0143
101325.0143
101325.0143
101325.0142
101325.0142
101325.0143
101325.0143
101325.0143
101325.0143
101325.0143
101325.0143
101325.0143
101325.0143
101325.0143
101325.02
101325.02
101325.02
101325.02
101325.02
101325.02
101325.02
101325.02
101325.02
101325.0199
101325.0199
101325.0199
101325.0199
101325.0199
101325.02
101325.02
101325.02
101325.02
101325.02
101325.02
101325.02
101325.02
101325.0258
101325.0258
101325.0258
101325.0258
101325.0258
101325.0258
101325.0257
101325.0257
101325.0257
101325.0256
101325.0256
101325.0256
101325.0256
101325.0256
101325.0257
101325.0257
101325.0257
101325.0257
101325.0257
101325.0257
101325.0257
101325.0257
101325.0315
101325.0316
101325.0316
101325.0316
101325.0315
101325.0315
101325.0315
101325.0314
101325.0314
101325.0314
101325.0313
101325.0313
101325.0313
101325.0314
101325.0314
101325.0314
101325.0314
101325.0314
101325.0314
101325.0314
101325.0314
101325.0314
101325.0373
101325.0373
101325.0374
101325.0373
101325.0373
101325.0372
101325.0372
101325.0371
101325.0371
101325.0371
101325.037
101325.037
101325.037
101325.0371
101325.0371
101325.0371
101325.0371
101325.0371
101325.0371
101325.0372
101325.0372
101325.0371
101325.0431
101325.0432
101325.0432
101325.0431
101325.0431
101325.043
101325.0429
101325.0429
101325.0428
101325.0428
101325.0428
101325.0428
101325.0428
101325.0428
101325.0428
101325.0428
101325.0428
101325.0429
101325.0429
101325.0429
101325.0429
101325.0429
101325.049
101325.049
101325.049
101325.0489
101325.0489
101325.0488
101325.0487
101325.0486
101325.0485
101325.0485
101325.0485
101325.0485
101325.0485
101325.0485
101325.0485
101325.0486
101325.0486
101325.0486
101325.0486
101325.0486
101325.0486
101325.0486
101325.0548
101325.0548
101325.0548
101325.0548
101325.0547
101325.0545
101325.0544
101325.0543
101325.0543
101325.0542
101325.0542
101325.0542
101325.0542
101325.0542
101325.0543
101325.0543
101325.0543
101325.0543
101325.0543
101325.0543
101325.0543
101325.0543
101325.0607
101325.0607
101325.0607
101325.0606
101325.0605
101325.0603
101325.0602
101325.0601
101325.06
101325.06
101325.0599
101325.0599
101325.06
101325.06
101325.06
101325.06
101325.06
101325.06
101325.06
101325.0601
101325.06
101325.06
101325.0667
101325.0667
101325.0666
101325.0665
101325.0663
101325.0662
101325.066
101325.0659
101325.0658
101325.0657
101325.0657
101325.0657
101325.0657
101325.0657
101325.0657
101325.0658
101325.0658
101325.0658
101325.0658
101325.0658
101325.0658
101325.0658
101325.0727
101325.0727
101325.0726
101325.0724
101325.0722
101325.072
101325.0718
101325.0716
101325.0715
101325.0715
101325.0714
101325.0714
101325.0714
101325.0715
101325.0715
101325.0715
101325.0715
101325.0715
101325.0715
101325.0715
101325.0715
101325.0715
101325.0788
101325.0787
101325.0786
101325.0784
101325.0781
101325.0779
101325.0776
101325.0774
101325.0773
101325.0772
101325.0772
101325.0772
101325.0772
101325.0772
101325.0772
101325.0772
101325.0772
101325.0772
101325.0772
101325.0772
101325.0772
101325.0772
101325.0849
101325.0849
101325.0847
101325.0844
101325.0841
101325.0838
101325.0835
101325.0833
101325.0831
101325.083
101325.0829
101325.0829
101325.0829
101325.083
101325.083
101325.083
101325.083
101325.083
101325.083
101325.083
101325.083
101325.083
101325.0911
101325.091
101325.0908
101325.0905
101325.0901
101325.0897
101325.0894
101325.0891
101325.0889
101325.0888
101325.0887
101325.0887
101325.0887
101325.0887
101325.0887
101325.0887
101325.0887
101325.0887
101325.0887
101325.0887
101325.0887
101325.0887
101325.0974
101325.0973
101325.097
101325.0967
101325.0962
101325.0957
101325.0953
101325.095
101325.0947
101325.0945
101325.0945
101325.0944
101325.0944
101325.0945
101325.0945
101325.0945
101325.0945
101325.0944
101325.0944
101325.0944
101325.0944
101325.0944
101325.1037
101325.1036
101325.1033
101325.1029
101325.1023
101325.1018
101325.1013
101325.1009
101325.1005
101325.1003
101325.1002
101325.1002
101325.1002
101325.1002
101325.1002
101325.1002
101325.1002
101325.1002
101325.1001
101325.1001
101325.1001
101325.1001
101325.1101
101325.1099
101325.1096
101325.1091
101325.1085
101325.1079
101325.1073
101325.1068
101325.1064
101325.1061
101325.106
101325.1059
101325.1059
101325.1059
101325.1059
101325.1059
101325.1059
101325.1059
101325.1058
101325.1058
101325.1058
101325.1058
101325.1164
101325.1162
101325.1159
101325.1153
101325.1147
101325.1139
101325.1133
101325.1127
101325.1122
101325.1119
101325.1117
101325.1116
101325.1116
101325.1116
101325.1116
101325.1116
101325.1116
101325.1116
101325.1115
101325.1115
101325.1115
101325.1115
101325.1227
101325.1225
101325.1221
101325.1215
101325.1207
101325.1199
101325.1192
101325.1185
101325.118
101325.1176
101325.1174
101325.1173
101325.1173
101325.1173
101325.1173
101325.1173
101325.1173
101325.1172
101325.1172
101325.1171
101325.1171
101325.1171
101325.1287
101325.1285
101325.1281
101325.1275
101325.1266
101325.1258
101325.1249
101325.1241
101325.1235
101325.1231
101325.1229
101325.1228
101325.1228
101325.1228
101325.1229
101325.1229
101325.1229
101325.1229
101325.1228
101325.1228
101325.1227
101325.1227
101325.1345
101325.1343
101325.1338
101325.1331
101325.1323
101325.1313
101325.1303
101325.1295
101325.1288
101325.1283
101325.1281
101325.128
101325.1281
101325.1282
101325.1284
101325.1285
101325.1285
101325.1285
101325.1284
101325.1283
101325.1283
101325.1283
101325.1399
101325.1397
101325.1392
101325.1384
101325.1375
101325.1364
101325.1353
101325.1343
101325.1336
101325.1331
101325.1328
101325.1328
101325.133
101325.1333
101325.1336
101325.1339
101325.134
101325.134
101325.134
101325.1339
101325.1338
101325.1338
101325.145
101325.1447
101325.1441
101325.1433
101325.1422
101325.141
101325.1397
101325.1387
101325.1378
101325.1373
101325.1371
101325.1372
101325.1375
101325.138
101325.1386
101325.139
101325.1394
101325.1395
101325.1395
101325.1394
101325.1393
101325.1392
101325.1496
101325.1492
101325.1486
101325.1477
101325.1464
101325.1451
101325.1437
101325.1425
101325.1416
101325.141
101325.1408
101325.141
101325.1415
101325.1422
101325.1431
101325.1439
101325.1445
101325.1448
101325.1449
101325.1449
101325.1447
101325.1446
101325.1538
101325.1535
101325.1527
101325.1517
101325.1503
101325.1488
101325.1473
101325.146
101325.1449
101325.1443
101325.1441
101325.1443
101325.145
101325.146
101325.1471
101325.1483
101325.1493
101325.15
101325.1503
101325.1503
101325.1501
101325.15
101325.1578
101325.1574
101325.1566
101325.1554
101325.1539
101325.1523
101325.1507
101325.1492
101325.1481
101325.1474
101325.1472
101325.1475
101325.1482
101325.1493
101325.1507
101325.1523
101325.1537
101325.1548
101325.1554
101325.1556
101325.1554
101325.1552
101325.1617
101325.1613
101325.1604
101325.1591
101325.1575
101325.1557
101325.154
101325.1525
101325.1514
101325.1506
101325.1504
101325.1507
101325.1514
101325.1526
101325.1542
101325.156
101325.1578
101325.1593
101325.1603
101325.1607
101325.1606
101325.1604
101325.1656
101325.1652
101325.1643
101325.1629
101325.1612
101325.1594
101325.1576
101325.1561
101325.1549
101325.1542
101325.1539
101325.1541
101325.1548
101325.156
101325.1577
101325.1596
101325.1617
101325.1636
101325.165
101325.1658
101325.1658
101325.1655
101325.1697
101325.1693
101325.1684
101325.167
101325.1652
101325.1633
101325.1615
101325.16
101325.1588
101325.1581
101325.1578
101325.158
101325.1587
101325.1598
101325.1614
101325.1634
101325.1656
101325.1677
101325.1696
101325.1707
101325.1709
101325.1706
101325.1741
101325.1738
101325.1729
101325.1714
101325.1696
101325.1677
101325.1659
101325.1644
101325.1632
101325.1625
101325.1622
101325.1624
101325.163
101325.164
101325.1655
101325.1673
101325.1697
101325.172
101325.174
101325.1755
101325.1759
101325.1757
101325.1788
101325.1786
101325.1777
101325.1763
101325.1745
101325.1725
101325.1707
101325.1692
101325.1681
101325.1674
101325.1671
101325.1673
101325.1678
101325.1688
101325.17
101325.1718
101325.1739
101325.1764
101325.1786
101325.1803
101325.181
101325.1809
101325.1839
101325.1837
101325.1829
101325.1816
101325.1798
101325.1778
101325.176
101325.1744
101325.1733
101325.1726
101325.1724
101325.1725
101325.1731
101325.1739
101325.1751
101325.1766
101325.1786
101325.1811
101325.1834
101325.1853
101325.1863
101325.1863
101325.1892
101325.1891
101325.1885
101325.1872
101325.1854
101325.1835
101325.1816
101325.1801
101325.1789
101325.1783
101325.178
101325.1782
101325.1787
101325.1795
101325.1806
101325.1819
101325.1837
101325.1861
101325.1886
101325.1906
101325.1918
101325.192
101325.1947
101325.1948
101325.1943
101325.1931
101325.1914
101325.1895
101325.1876
101325.186
101325.1849
101325.1842
101325.184
101325.1842
101325.1847
101325.1855
101325.1864
101325.1876
101325.1892
101325.1914
101325.194
101325.1963
101325.1977
101325.1981
101325.2005
101325.2006
101325.2003
101325.1992
101325.1976
101325.1957
101325.1938
101325.1922
101325.1911
101325.1905
101325.1903
101325.1905
101325.191
101325.1917
101325.1926
101325.1937
101325.1951
101325.1972
101325.1999
101325.2024
101325.204
101325.2046
101325.2063
101325.2065
101325.2063
101325.2054
101325.2039
101325.202
101325.2
101325.1984
101325.1973
101325.1968
101325.1968
101325.1971
101325.1976
101325.1983
101325.1991
101325.2001
101325.2014
101325.2035
101325.2063
101325.209
101325.2109
101325.2116
101325.2122
101325.2123
101325.2122
101325.2114
101325.21
101325.208
101325.2061
101325.2045
101325.2035
101325.2032
101325.2033
101325.2038
101325.2044
101325.2051
101325.2058
101325.2066
101325.2079
101325.2101
101325.2131
101325.2161
101325.2182
101325.2192
101325.2181
101325.218
101325.2179
101325.2172
101325.2158
101325.2137
101325.2117
101325.2101
101325.2094
101325.2094
101325.2098
101325.2105
101325.2113
101325.212
101325.2127
101325.2134
101325.2146
101325.2171
101325.2204
101325.2237
101325.2262
101325.2273
101325.2238
101325.2232
101325.2233
101325.2225
101325.2211
101325.2185
101325.2165
101325.215
101325.2146
101325.2152
101325.2161
101325.2172
101325.2181
101325.219
101325.2196
101325.2202
101325.2216
101325.2244
101325.2281
101325.2318
101325.2345
101325.2356
101325.2299
101325.228
101325.2266
101325.2251
101325.2238
101325.2219
101325.2198
101325.2188
101325.2191
101325.2204
101325.222
101325.2236
101325.2249
101325.2258
101325.2264
101325.2271
101325.2288
101325.232
101325.2361
101325.2401
101325.2428
101325.2439
101325.24
101325.2468
101325.2415
101325.2439
101325.2439
101325.2304
101325.2223
101325.2218
101325.223
101325.225
101325.2273
101325.2295
101325.2313
101325.2324
101325.2331
101325.234
101325.2362
101325.24
101325.2444
101325.2482
101325.2506
101325.2517
101325.2655
101325.6272
101326.6873
101326.2964
101325.7463
101325.4797
101325.2853
101325.2333
101325.2267
101325.2291
101325.2324
101325.2352
101325.2372
101325.2385
101325.2396
101325.2411
101325.2441
101325.2483
101325.2527
101325.2559
101325.2577
101325.2585
101327.3063
101327.8235
101328.0997
101327.8146
101326.7279
101326.3162
101325.9207
101325.2496
101325.2374
101325.232
101325.2377
101325.2412
101325.2432
101325.2441
101325.2462
101325.2487
101325.2527
101325.2573
101325.2609
101325.2629
101325.2641
101325.2646
101329.8803
101329.626
101328.7074
101327.9809
101327.0406
101326.0659
101325.5328
101325.4032
101325.2442
101325.2238
101325.242
101325.2487
101325.2508
101325.2506
101325.2526
101325.2563
101325.2612
101325.2657
101325.2682
101325.2695
101325.2699
101325.2701
101331.1229
101330.4652
101329.5239
101327.7377
101326.0049
101326.0673
101325.0609
101325.1243
101325.2131
101325.208
101325.2417
101325.2613
101325.2653
101325.2654
101325.2602
101325.2612
101325.2661
101325.2713
101325.274
101325.275
101325.2752
101325.2754
101331.5719
101330.9521
101329.123
101326.3179
101325.0182
101323.218
101324.0875
101324.3447
101325.0149
101325.1936
101325.2753
101325.3086
101325.3043
101325.3031
101325.2786
101325.262
101325.2682
101325.2754
101325.2782
101325.2802
101325.2809
101325.2804
101331.6613
101330.9299
101329.2431
101325.72
101324.2099
101323.9936
101323.7604
101324.3881
101325.0924
101325.4773
101325.4766
101325.5221
101325.4649
101325.4183
101325.3474
101325.2777
101325.2793
101325.2898
101325.285
101325.2883
101325.2902
101325.2855
101332.2979
101331.6696
101328.3192
101327.5572
101326.3895
101325.8712
101325.7525
101325.6696
101326.2274
101326.3587
101326.5149
101326.3339
101326.0812
101325.8424
101325.5107
101325.2881
101325.3572
101325.3367
101325.2889
101325.3067
101325.2929
101325.2826
101333.3135
101332.9027
101330.937
101329.6291
101328.9209
101328.4799
101328.1784
101327.9205
101327.7282
101328.3113
101328.4844
101328.0775
101328.0006
101327.2631
101327.957
101329.6834
101330.1751
101330.4611
101330.6742
101330.1395
101330.6711
101331.0815
101334.8794
101334.302
101333.1803
101332.3077
101331.7778
101331.3918
101331.0748
101330.8606
101330.5608
101330.3498
101331.1622
101331.3582
101331.2352
101331.2081
101334.4305
101334.3853
101334.5673
101334.7275
101334.8463
101334.8604
101334.975
101335.0189
101337.5005
101336.8528
101335.9782
101335.3385
101334.8708
101334.4916
101334.1853
101333.9574
101333.9163
101333.9689
101333.701
101335.2043
101335.128
101335.0244
101338.5913
101338.8552
101338.8998
101339.0249
101339.1332
101339.1991
101339.2503
101339.2652
101340.2413
101339.5278
101339.2019
101338.5927
101338.1442
101337.7459
101337.4232
101337.1985
101337.1345
101337.1477
101336.9851
101337.5015
101337.3313
101341.9517
101343.1167
101343.2216
101343.2975
101343.4158
101343.5023
101343.5518
101343.5836
101343.5963
101343.5377
101343.0243
101342.5391
101342.0528
101341.5883
101341.1552
101340.8086
101340.6141
101340.6097
101340.9367
101341.7244
101341.9469
101345.1218
101347.3774
101347.7613
101347.6683
101347.7546
101347.8493
101347.9095
101347.9411
101347.9577
101347.9572
101347.2028
101346.6462
101346.3229
101345.7766
101345.2594
101344.7696
101344.3952
101344.2233
101344.2864
101344.7508
101346.1184
101348.3583
101350.7276
101351.9684
101352.1691
101352.1818
101352.2528
101352.2999
101352.3244
101352.338
101352.3426
101352.3354
101351.0097
101350.5645
101350.291
101349.7816
101349.2052
101348.651
101348.2464
101348.0888
101348.221
101348.7619
101350.1989
101352.444
101354.7163
101356.0083
101356.5402
101356.7098
101356.7499
101356.7469
101356.7415
101356.7395
101356.7348
101356.725
101355.5045
101355.0506
101354.6422
101354.1114
101353.4758
101352.8594
101352.4195
101352.2601
101352.4243
101352.9893
101354.3596
101356.4476
101358.5662
101360.1426
101360.9488
101361.197
101361.2116
101361.179
101361.1557
101361.1423
101361.1313
101361.1202
101360.1076
101359.5677
101359.3332
101358.8074
101358.1231
101357.4502
101356.9708
101356.7957
101356.9714
101357.5742
101358.917
101360.9061
101362.9164
101364.5036
101365.3589
101365.6155
101365.6262
101365.5888
101365.5588
101365.5407
101365.5268
101365.5151
101365.1802
101364.8031
101364.4373
101363.8939
101363.1774
101362.4626
101361.9483
101361.7535
101361.9392
101362.5967
101363.9428
101365.7876
101367.5769
101368.9811
101369.7393
101369.9769
101370.0017
101369.9756
101369.9501
101369.9328
101369.9183
101369.9069
101370.7145
101370.2973
101369.8639
101369.3146
101368.6066
101367.8878
101367.3605
101367.1547
101367.3486
101368.0307
101369.2962
101370.8603
101372.3488
101373.5024
101374.1098
101374.3155
101374.3562
101374.3477
101374.3325
101374.3181
101374.3052
101374.2949
101375.9928
101375.7067
101375.4327
101374.9771
101374.3266
101373.6447
101373.131
101372.9218
101373.1017
101373.7294
101374.7843
101376.0067
101377.1688
101378.0402
101378.4872
101378.6563
101378.7065
101378.7131
101378.7072
101378.6983
101378.6887
101378.6803
101381.3541
101381.2382
101381.1115
101380.7519
101380.188
101379.573
101379.0929
101378.8782
101378.9987
101379.491
101380.2718
101381.1552
101381.9827
101382.5756
101382.8796
101383.0117
101383.0627
101383.0783
101383.0802
101383.0767
101383.0705
101383.0642
101386.841
101386.7956
101386.7165
101386.4664
101386.0054
101385.4687
101385.0222
101384.787
101384.8215
101385.138
101385.645
101386.2131
101386.7353
101387.0946
101387.2875
101387.3845
101387.4297
101387.4488
101387.4553
101387.4557
101387.4525
101387.4482
101392.192
101392.229
101392.175
101392.0025
101391.6296
101391.1605
101390.7367
101390.4676
101390.405
101390.5372
101390.8061
101391.1198
101391.4011
101391.5924
101391.706
101391.7723
101391.8081
101391.8262
101391.8344
101391.8368
101391.8357
101391.833
101397.3223
101397.3503
101397.3795
101397.2708
101396.9659
101396.5486
101396.139
101395.8326
101395.6696
101395.6544
101395.74
101395.8661
101395.9841
101396.069
101396.1292
101396.1702
101396.1955
101396.21
101396.2175
101396.2205
101396.2205
101396.219
101402.1497
101402.2438
101402.2927
101402.2263
101401.9687
101401.5892
101401.1911
101400.857
101400.6249
101400.5062
101400.469
101400.4775
101400.5007
101400.5251
101400.5511
101400.5729
101400.5884
101400.5983
101400.6039
101400.6064
101400.6068
101400.606
101406.7393
101406.8464
101406.9243
101406.8704
101406.646
101406.2965
101405.9147
101405.5759
101405.3123
101405.1383
101405.0385
101404.9888
101404.9669
101404.9613
101404.967
101404.9757
101404.9834
101404.9889
101404.9922
101404.9938
101404.9941
101404.9937
101411.122
101411.199
101411.3041
101411.2568
101411.0629
101410.7438
101410.3879
101410.0654
101409.8048
101409.6186
101409.5014
101409.4333
101409.3963
101409.3791
101409.3746
101409.3755
101409.3778
101409.38
101409.3814
101409.3819
101409.3819
101409.3816
101415.3699
101415.4122
101415.5184
101415.4694
101415.3071
101415.025
101414.7023
101414.4143
101414.1836
101414.0117
101413.9026
101413.8374
101413.8008
101413.7818
101413.7738
101413.771
101413.7704
101413.7704
101413.7704
101413.7702
101413.7698
101413.7694
101419.5214
101419.5415
101419.6244
101419.5801
101419.4504
101419.2213
101418.9511
101418.7042
101418.5077
101418.3641
101418.2737
101418.22
101418.1899
101418.1738
101418.1659
101418.1623
101418.1606
101418.1597
101418.159
101418.1582
101418.1576
101418.1571
101423.6396
101423.6438
101423.686
101423.6556
101423.5591
101423.388
101423.1779
101422.9786
101422.8186
101422.7048
101422.6343
101422.5934
101422.5711
101422.5593
101422.5534
101422.5505
101422.5489
101422.5478
101422.5469
101422.546
101422.5452
101422.5445
101427.7596
101427.7277
101427.753
101427.7379
101427.6782
101427.5613
101427.4084
101427.2569
101427.1339
101427.0474
101426.9945
101426.9648
101426.9493
101426.9417
101426.9382
101426.9366
101426.9358
101426.935
101426.9342
101426.9334
101426.9326
101426.9318
101431.912
101431.8553
101431.8606
101431.8545
101431.8308
101431.7612
101431.6586
101431.5504
101431.4605
101431.3971
101431.3585
101431.3376
101431.3274
101431.3232
101431.3219
101431.3217
101431.3218
101431.3217
101431.3213
101431.3207
101431.3199
101431.3191
101436.1072
101436.0787
101436.0279
101436.0197
101436.0207
101435.9926
101435.9328
101435.8618
101435.7997
101435.7549
101435.7275
101435.7131
101435.7068
101435.7051
101435.7055
101435.7066
101435.7076
101435.7082
101435.7083
101435.708
101435.7074
101435.7065
101440.3256
101440.2664
101440.2279
101440.2283
101440.2507
101440.2564
101440.2298
101440.1893
101440.1498
101440.1197
101440.101
101440.0914
101440.0879
101440.088
101440.0896
101440.0917
101440.0936
101440.0949
101440.0955
101440.0956
101440.0951
101440.0943
101444.5703
101444.4794
101444.4663
101444.4812
101444.5196
101444.547
101444.547
101444.5301
101444.5084
101444.4899
101444.478
101444.4721
101444.4708
101444.4721
101444.4747
101444.4775
101444.4801
101444.482
101444.4831
101444.4835
101444.4832
101444.4824
101448.8506
101448.8038
101448.7558
101448.7749
101448.8222
101448.8643
101448.8811
101448.8816
101448.8735
101448.8644
101448.8578
101448.855
101448.8552
101448.8575
101448.8608
101448.8642
101448.8673
101448.8697
101448.8712
101448.8719
101448.8718
101448.8712
101453.1618
101453.0968
101453.0743
101453.1013
101453.1536
101453.2038
101453.2314
101453.2429
101453.2447
101453.2424
101453.2402
101453.2397
101453.2413
101453.2443
101453.248
101453.2518
101453.2553
101453.2581
101453.2599
101453.2609
101453.261
101453.2605
101457.5022
101457.4126
101457.4159
101457.4524
101457.5075
101457.5601
101457.5946
101457.6139
101457.6217
101457.6241
101457.6249
101457.6263
101457.6288
101457.6323
101457.6364
101457.6405
101457.6442
101457.6473
101457.6494
101457.6506
101457.6509
101457.6506
101461.8708
101461.8243
101461.7912
101461.8251
101461.8785
101461.9305
101461.9678
101461.9912
101462.0034
101462.009
101462.012
101462.0146
101462.0178
101462.0216
101462.0258
101462.0301
101462.034
101462.0373
101462.0396
101462.0411
101462.0416
101462.0413
101466.2576
101466.2116
101466.1807
101466.2118
101466.2617
101466.3116
101466.3491
101466.3738
101466.3888
101466.3967
101466.4011
101466.4045
101466.4081
101466.4121
101466.4164
101466.4207
101466.4247
101466.4282
101466.4307
101466.4324
101466.433
101466.4329
101470.6576
101470.59
101470.5756
101470.6064
101470.653
101470.7002
101470.7365
101470.7615
101470.7779
101470.7869
101470.7921
101470.7959
101470.7996
101470.8036
101470.8079
101470.8122
101470.8163
101470.8199
101470.8226
101470.8244
101470.8253
101470.8253
101475.0705
101475.0314
101474.984
101475.0075
101475.0498
101475.0938
101475.1283
101475.1532
101475.1699
101475.1793
101475.1847
101475.1886
101475.1922
101475.196
101475.2003
101475.2046
101475.2088
101475.2124
101475.2153
101475.2173
101475.2183
101475.2185
101479.486
101479.4402
101479.3886
101479.4093
101479.4494
101479.4904
101479.5233
101479.548
101479.5643
101479.5735
101479.5787
101479.5822
101479.5856
101479.5893
101479.5934
101479.5977
101479.602
101479.6058
101479.6089
101479.611
101479.6122
101479.6126
101483.8992
101483.82
101483.7831
101483.8097
101483.8503
101483.8893
101483.9209
101483.9451
101483.9606
101483.9691
101483.9737
101483.9769
101483.9799
101483.9833
101483.9873
101483.9916
101483.996
101483.9999
101484.0032
101484.0056
101484.007
101484.0075
101488.3156
101488.2416
101488.183
101488.2116
101488.2529
101488.2904
101488.3209
101488.3442
101488.3584
101488.3659
101488.3698
101488.3724
101488.3749
101488.3781
101488.382
101488.3863
101488.3907
101488.3948
101488.3983
101488.4009
101488.4025
101488.4033
101492.7306
101492.6537
101492.5809
101492.6141
101492.6571
101492.6938
101492.723
101492.7449
101492.7577
101492.764
101492.767
101492.7688
101492.7708
101492.7737
101492.7774
101492.7817
101492.7862
101492.7905
101492.7941
101492.797
101492.7989
101492.7999
101497.1506
101497.0604
101496.9736
101497.0184
101497.0639
101497.0995
101497.1273
101497.1475
101497.1585
101497.1635
101497.1653
101497.1663
101497.1677
101497.1701
101497.1736
101497.1779
101497.1825
101497.1869
101497.1907
101497.1937
101497.1959
101497.1972
101501.5916
101501.4978
101501.3721
101501.431
101501.4749
101501.5079
101501.5336
101501.5518
101501.561
101501.5644
101501.565
101501.5649
101501.5656
101501.5675
101501.5707
101501.5749
101501.5795
101501.584
101501.5878
101501.591
101501.5935
101501.5951
101506.0539
101505.9833
101505.7264
101505.8579
101505.8901
101505.9182
101505.9419
101505.9579
101505.9651
101505.9668
101505.966
101505.9649
101505.9647
101505.966
101505.9689
101505.9728
101505.9772
101505.9816
101505.9855
101505.9887
101505.9914
101505.9934
101510.4516
101510.4764
101510.1026
101510.2778
101510.304
101510.3296
101510.3515
101510.3654
101510.3707
101510.3708
101510.3685
101510.3662
101510.3651
101510.3656
101510.3679
101510.3714
101510.3755
101510.3796
101510.3834
101510.3865
101510.3894
101510.3918
101514.5894
101514.9112
101514.4912
101514.6967
101514.7191
101514.7422
101514.7622
101514.774
101514.7775
101514.776
101514.7723
101514.7687
101514.7665
101514.7662
101514.7677
101514.7705
101514.7741
101514.7778
101514.7812
101514.7842
101514.7871
101514.7898
101518.3992
101519.2661
101518.9828
101519.1202
101519.1349
101519.1548
101519.173
101519.1832
101519.1853
101519.1822
101519.1771
101519.1722
101519.1688
101519.1674
101519.168
101519.1699
101519.1727
101519.1757
101519.1786
101519.1813
101519.1842
101519.1871
101522.5129
101523.3121
101523.6093
101523.5379
101523.5424
101523.5639
101523.5828
101523.5923
101523.5933
101523.5889
101523.5824
101523.5761
101523.5714
101523.5688
101523.5682
101523.569
101523.5707
101523.5729
101523.5751
101523.5775
101523.5803
101523.5833
101529.2934
101527.6886
101527.9509
101527.9272
101527.9343
101527.9659
101527.9899
101528.0004
101528.0008
101527.9953
101527.9874
101527.9798
101527.9737
101527.9696
101527.9676
101527.9672
101527.9678
101527.969
101527.9705
101527.9724
101527.975
101527.9779
101530.0512
101531.2705
101531.9595
101532.1878
101532.3014
101532.3633
101532.3945
101532.4067
101532.4068
101532.4003
101532.3912
101532.3821
101532.3746
101532.3691
101532.3656
101532.3638
101532.3632
101532.3635
101532.3644
101532.3658
101532.3681
101532.3708
101536.4073
101536.3354
101536.4689
101536.6047
101536.7087
101536.7694
101536.8005
101536.812
101536.8111
101536.8034
101536.793
101536.7825
101536.7734
101536.7663
101536.7614
101536.7583
101536.7566
101536.7562
101536.7566
101536.7577
101536.7598
101536.7621
101540.8507
101540.8769
101540.9584
101541.0531
101541.1301
101541.1809
101541.2081
101541.2173
101541.2146
101541.2051
101541.1929
101541.1805
101541.1696
101541.1608
101541.1544
101541.1501
101541.1477
101541.1468
101541.147
101541.1482
101541.1502
101541.1523
101545.1872
101545.265
101545.3706
101545.4694
101545.5428
101545.5902
101545.6149
101545.6219
101545.617
101545.6052
101545.5907
101545.5762
101545.5634
101545.5531
101545.5454
101545.5403
101545.5374
101545.5363
101545.5367
101545.5382
101545.5405
101545.5426
101531.3015
101531.2523
101531.0576
101531.3273
101531.2791
101531.1051
101536.3668
101536.377
101536.539
101540.7857
101540.7926
101540.85
101545.1496
101545.1486
101545.1674
)
;

boundaryField
{
    inlet
    {
        type            calculated;
        value           nonuniform List<scalar> 3(101531.2987 101531.2447 101530.9669);
    }
    frontandback
    {
        type            empty;
    }
    walls
    {
        type            calculated;
        value           nonuniform List<scalar> 
225
(
101325.0028
101325.0029
101325.0085
101325.0086
101325.0143
101325.0143
101325.02
101325.02
101325.0258
101325.0257
101325.0315
101325.0314
101325.0373
101325.0371
101325.0431
101325.0429
101325.049
101325.0486
101325.0548
101325.0543
101325.0607
101325.06
101325.0667
101325.0658
101325.0727
101325.0715
101325.0788
101325.0772
101325.0849
101325.083
101325.0911
101325.0887
101325.0974
101325.0944
101325.1037
101325.1001
101325.1101
101325.1058
101325.1164
101325.1115
101325.1227
101325.1171
101325.1287
101325.1227
101325.1345
101325.1283
101325.1399
101325.1338
101325.145
101325.1392
101325.1496
101325.1446
101325.1538
101325.15
101325.1578
101325.1552
101325.1617
101325.1604
101325.1656
101325.1655
101325.1697
101325.1706
101325.1741
101325.1757
101325.1788
101325.1809
101325.1839
101325.1863
101325.1892
101325.192
101325.1947
101325.1981
101325.2005
101325.2046
101325.2063
101325.2116
101325.2122
101325.2192
101325.2181
101325.2273
101325.2238
101325.2356
101325.2299
101325.2439
101325.24
101325.2517
101325.2655
101325.2585
101327.3063
101325.2646
101329.8803
101325.2701
101331.1229
101325.2754
101331.5719
101325.2804
101331.6613
101325.2855
101332.2979
101325.2826
101333.3135
101331.0815
101334.8794
101335.0189
101337.5005
101339.2652
101340.2413
101343.5963
101343.5377
101347.9572
101347.2028
101352.3354
101351.0097
101356.725
101355.5045
101361.1202
101360.1076
101365.5151
101365.1802
101369.9069
101370.7145
101374.2949
101375.9928
101378.6803
101381.3541
101383.0642
101386.841
101387.4482
101392.192
101391.833
101397.3223
101396.219
101402.1497
101400.606
101406.7393
101404.9937
101411.122
101409.3816
101415.3699
101413.7694
101419.5214
101418.1571
101423.6396
101422.5445
101427.7596
101426.9318
101431.912
101431.3191
101436.1072
101435.7065
101440.3256
101440.0943
101444.5703
101444.4824
101448.8506
101448.8712
101453.1618
101453.2605
101457.5022
101457.6506
101461.8708
101462.0413
101466.2576
101466.4329
101470.6576
101470.8253
101475.0705
101475.2185
101479.486
101479.6126
101483.8992
101484.0075
101488.3156
101488.4033
101492.7306
101492.7999
101497.1506
101497.1972
101501.5916
101501.5951
101506.0539
101505.9934
101510.4516
101510.3918
101514.5894
101514.7898
101518.3992
101519.1871
101522.5129
101523.5833
101527.9779
101532.3708
101536.7621
101541.1523
101547.3834
101547.4612
101547.5668
101547.6657
101547.739
101547.7864
101547.8111
101547.8181
101547.8132
101547.8015
101547.787
101547.7725
101547.7596
101547.7493
101547.7417
101547.7365
101547.7336
101547.7325
101547.7329
101547.7344
101547.7368
101547.7388
101545.5426
101531.3015
101531.3273
101536.3668
101540.7857
101547.3458
101545.1496
101547.3449
101547.3636
)
;
    }
    outlet
    {
        type            calculated;
        value           uniform 101325;
    }
}


// ************************************************************************* //
