/*--------------------------------*- C++ -*----------------------------------*\
  =========                 |
  \\      /  F ield         | OpenFOAM: The Open Source CFD Toolbox
   \\    /   O peration     | Website:  https://openfoam.org
    \\  /    A nd           | Version:  9
     \\/     M anipulation  |
\*---------------------------------------------------------------------------*/
FoamFile
{
    format      ascii;
    class       volScalarField;
    location    "10";
    object      p_rgh;
}
// * * * * * * * * * * * * * * * * * * * * * * * * * * * * * * * * * * * * * //

dimensions      [1 -1 -2 0 0 0 0];

internalField   nonuniform List<scalar> 
2215
(
101325.5664
101325.5665
101325.5666
101325.567
101325.5675
101325.5683
101325.5692
101325.5703
101325.5715
101325.5729
101325.5745
101325.5764
101325.5789
101325.5797
101325.5801
101325.5802
101325.5802
101325.5802
101325.5802
101325.5802
101325.5802
101325.5802
101325.5664
101325.5665
101325.5667
101325.567
101325.5675
101325.5683
101325.5693
101325.5704
101325.5716
101325.5729
101325.5743
101325.5759
101325.5777
101325.5788
101325.5795
101325.5799
101325.58
101325.5801
101325.5801
101325.5801
101325.5801
101325.5801
101325.5664
101325.5665
101325.5667
101325.567
101325.5676
101325.5684
101325.5693
101325.5704
101325.5716
101325.5729
101325.5742
101325.5756
101325.577
101325.5782
101325.579
101325.5795
101325.5798
101325.5799
101325.58
101325.58
101325.58
101325.58
101325.5664
101325.5665
101325.5667
101325.5671
101325.5676
101325.5684
101325.5694
101325.5705
101325.5717
101325.5729
101325.5742
101325.5754
101325.5767
101325.5778
101325.5786
101325.5792
101325.5795
101325.5797
101325.5798
101325.5799
101325.5799
101325.5799
101325.5665
101325.5665
101325.5667
101325.5671
101325.5677
101325.5685
101325.5695
101325.5706
101325.5718
101325.573
101325.5742
101325.5754
101325.5765
101325.5775
101325.5783
101325.5789
101325.5793
101325.5795
101325.5797
101325.5797
101325.5797
101325.5797
101325.5665
101325.5666
101325.5668
101325.5671
101325.5677
101325.5686
101325.5696
101325.5707
101325.5719
101325.5731
101325.5742
101325.5753
101325.5764
101325.5773
101325.5781
101325.5787
101325.5791
101325.5794
101325.5795
101325.5796
101325.5796
101325.5796
101325.5665
101325.5666
101325.5668
101325.5672
101325.5678
101325.5686
101325.5697
101325.5708
101325.572
101325.5732
101325.5743
101325.5753
101325.5763
101325.5772
101325.5779
101325.5785
101325.5789
101325.5792
101325.5793
101325.5794
101325.5794
101325.5794
101325.5666
101325.5667
101325.5669
101325.5673
101325.5679
101325.5687
101325.5698
101325.5709
101325.5721
101325.5733
101325.5744
101325.5754
101325.5763
101325.5771
101325.5778
101325.5783
101325.5787
101325.579
101325.5792
101325.5793
101325.5793
101325.5793
101325.5667
101325.5668
101325.567
101325.5674
101325.568
101325.5688
101325.5698
101325.571
101325.5722
101325.5734
101325.5745
101325.5754
101325.5763
101325.577
101325.5777
101325.5782
101325.5786
101325.5789
101325.579
101325.5791
101325.5791
101325.5791
101325.5669
101325.5669
101325.5671
101325.5675
101325.5681
101325.5689
101325.5699
101325.5711
101325.5723
101325.5735
101325.5745
101325.5755
101325.5763
101325.577
101325.5776
101325.5781
101325.5784
101325.5787
101325.5789
101325.5789
101325.579
101325.579
101325.567
101325.5671
101325.5673
101325.5676
101325.5682
101325.569
101325.57
101325.5711
101325.5723
101325.5735
101325.5745
101325.5755
101325.5763
101325.5769
101325.5775
101325.578
101325.5783
101325.5785
101325.5787
101325.5788
101325.5788
101325.5788
101325.5672
101325.5673
101325.5674
101325.5678
101325.5683
101325.569
101325.57
101325.5711
101325.5723
101325.5735
101325.5745
101325.5754
101325.5762
101325.5769
101325.5774
101325.5778
101325.5782
101325.5784
101325.5785
101325.5786
101325.5786
101325.5786
101325.5675
101325.5676
101325.5677
101325.5679
101325.5684
101325.5691
101325.57
101325.5711
101325.5722
101325.5734
101325.5744
101325.5753
101325.5761
101325.5768
101325.5773
101325.5777
101325.578
101325.5782
101325.5783
101325.5784
101325.5784
101325.5784
101325.5679
101325.5679
101325.568
101325.5682
101325.5686
101325.5692
101325.57
101325.571
101325.5721
101325.5732
101325.5742
101325.5751
101325.5759
101325.5766
101325.5771
101325.5775
101325.5778
101325.578
101325.5781
101325.5781
101325.5781
101325.5781
101325.5683
101325.5683
101325.5683
101325.5685
101325.5687
101325.5692
101325.5699
101325.5708
101325.5718
101325.5729
101325.5739
101325.5748
101325.5756
101325.5763
101325.5768
101325.5772
101325.5775
101325.5777
101325.5778
101325.5778
101325.5778
101325.5778
101325.5688
101325.5687
101325.5687
101325.5688
101325.5689
101325.5693
101325.5698
101325.5706
101325.5714
101325.5724
101325.5734
101325.5743
101325.5751
101325.5758
101325.5764
101325.5768
101325.5772
101325.5774
101325.5775
101325.5775
101325.5774
101325.5774
101325.5693
101325.5693
101325.5692
101325.5691
101325.5692
101325.5694
101325.5697
101325.5702
101325.5709
101325.5718
101325.5726
101325.5735
101325.5744
101325.5751
101325.5758
101325.5763
101325.5766
101325.5769
101325.577
101325.577
101325.577
101325.5769
101325.57
101325.5698
101325.5697
101325.5696
101325.5694
101325.5694
101325.5695
101325.5698
101325.5703
101325.571
101325.5717
101325.5725
101325.5733
101325.5741
101325.5748
101325.5754
101325.5759
101325.5762
101325.5764
101325.5764
101325.5764
101325.5763
101325.5706
101325.5705
101325.5703
101325.57
101325.5697
101325.5695
101325.5693
101325.5694
101325.5696
101325.57
101325.5706
101325.5713
101325.572
101325.5728
101325.5736
101325.5743
101325.5748
101325.5753
101325.5755
101325.5757
101325.5757
101325.5756
101325.5712
101325.5711
101325.5708
101325.5704
101325.5699
101325.5695
101325.5691
101325.5689
101325.5688
101325.569
101325.5693
101325.5699
101325.5705
101325.5713
101325.5721
101325.5728
101325.5735
101325.5741
101325.5745
101325.5747
101325.5748
101325.5748
101325.5718
101325.5716
101325.5712
101325.5707
101325.5701
101325.5695
101325.5688
101325.5684
101325.5681
101325.568
101325.5681
101325.5684
101325.569
101325.5696
101325.5704
101325.5712
101325.572
101325.5727
101325.5732
101325.5736
101325.5738
101325.5738
101325.5721
101325.5719
101325.5715
101325.5709
101325.5702
101325.5693
101325.5685
101325.5678
101325.5673
101325.567
101325.567
101325.5671
101325.5675
101325.568
101325.5687
101325.5695
101325.5703
101325.5711
101325.5718
101325.5723
101325.5726
101325.5726
101325.5722
101325.572
101325.5715
101325.5708
101325.5699
101325.569
101325.568
101325.5671
101325.5665
101325.5661
101325.5659
101325.566
101325.5662
101325.5666
101325.5672
101325.5679
101325.5686
101325.5695
101325.5702
101325.5709
101325.5712
101325.5713
101325.572
101325.5717
101325.5712
101325.5704
101325.5694
101325.5683
101325.5672
101325.5662
101325.5654
101325.565
101325.5647
101325.5648
101325.565
101325.5654
101325.566
101325.5666
101325.5672
101325.5679
101325.5687
101325.5694
101325.5698
101325.57
101325.5713
101325.571
101325.5704
101325.5695
101325.5684
101325.5671
101325.5659
101325.5648
101325.564
101325.5634
101325.5632
101325.5633
101325.5637
101325.5642
101325.5649
101325.5655
101325.5661
101325.5667
101325.5673
101325.568
101325.5684
101325.5686
101325.5702
101325.5699
101325.5692
101325.5682
101325.5669
101325.5656
101325.5642
101325.563
101325.5621
101325.5615
101325.5613
101325.5615
101325.562
101325.5627
101325.5636
101325.5644
101325.5651
101325.5657
101325.5662
101325.5667
101325.5671
101325.5673
101325.5688
101325.5684
101325.5677
101325.5666
101325.5652
101325.5636
101325.5621
101325.5608
101325.5598
101325.5592
101325.559
101325.5592
101325.5598
101325.5608
101325.562
101325.5631
101325.5641
101325.5649
101325.5654
101325.5657
101325.566
101325.5661
101325.5672
101325.5667
101325.5659
101325.5647
101325.5631
101325.5615
101325.5599
101325.5584
101325.5573
101325.5566
101325.5564
101325.5567
101325.5574
101325.5585
101325.5599
101325.5615
101325.5629
101325.564
101325.5647
101325.565
101325.5651
101325.5651
101325.5654
101325.565
101325.564
101325.5627
101325.5611
101325.5593
101325.5576
101325.5561
101325.5549
101325.5542
101325.554
101325.5542
101325.555
101325.5562
101325.5578
101325.5595
101325.5613
101325.5628
101325.5639
101325.5643
101325.5643
101325.5642
101325.5637
101325.5632
101325.5623
101325.5609
101325.5591
101325.5573
101325.5555
101325.554
101325.5528
101325.5521
101325.5519
101325.5521
101325.5528
101325.554
101325.5556
101325.5575
101325.5596
101325.5615
101325.5629
101325.5637
101325.5637
101325.5635
101325.5621
101325.5617
101325.5607
101325.5593
101325.5575
101325.5556
101325.5538
101325.5523
101325.5511
101325.5504
101325.5502
101325.5504
101325.551
101325.5521
101325.5537
101325.5557
101325.5579
101325.56
101325.5618
101325.5629
101325.5631
101325.5628
101325.5609
101325.5605
101325.5596
101325.5581
101325.5562
101325.5543
101325.5525
101325.551
101325.5499
101325.5492
101325.5489
101325.5491
101325.5497
101325.5507
101325.5521
101325.554
101325.5563
101325.5586
101325.5606
101325.5621
101325.5625
101325.5623
101325.5599
101325.5596
101325.5588
101325.5573
101325.5554
101325.5535
101325.5517
101325.5502
101325.5491
101325.5484
101325.5481
101325.5483
101325.5489
101325.5498
101325.5511
101325.5528
101325.555
101325.5574
101325.5596
101325.5613
101325.562
101325.5618
101325.5593
101325.5591
101325.5583
101325.5569
101325.5551
101325.5531
101325.5513
101325.5498
101325.5487
101325.548
101325.5478
101325.5479
101325.5484
101325.5493
101325.5505
101325.552
101325.5539
101325.5564
101325.5588
101325.5606
101325.5615
101325.5616
101325.559
101325.5589
101325.5583
101325.5569
101325.5551
101325.5532
101325.5513
101325.5498
101325.5487
101325.548
101325.5478
101325.5479
101325.5484
101325.5492
101325.5503
101325.5516
101325.5534
101325.5558
101325.5583
101325.5603
101325.5614
101325.5616
101325.5589
101325.5589
101325.5584
101325.5572
101325.5555
101325.5536
101325.5517
101325.5501
101325.549
101325.5483
101325.5481
101325.5483
101325.5488
101325.5495
101325.5505
101325.5517
101325.5533
101325.5555
101325.5581
101325.5603
101325.5617
101325.5621
101325.559
101325.5591
101325.5588
101325.5577
101325.556
101325.5541
101325.5522
101325.5506
101325.5495
101325.5489
101325.5487
101325.549
101325.5495
101325.5502
101325.5511
101325.5521
101325.5536
101325.5556
101325.5583
101325.5608
101325.5624
101325.563
101325.5591
101325.5593
101325.5591
101325.5582
101325.5567
101325.5547
101325.5528
101325.5512
101325.5501
101325.5496
101325.5495
101325.5499
101325.5504
101325.5511
101325.5519
101325.5529
101325.5542
101325.5562
101325.559
101325.5617
101325.5636
101325.5643
101325.5593
101325.5595
101325.5593
101325.5586
101325.5571
101325.5552
101325.5532
101325.5517
101325.5507
101325.5503
101325.5505
101325.5509
101325.5515
101325.5523
101325.553
101325.5538
101325.555
101325.5572
101325.5602
101325.5632
101325.5653
101325.5662
101325.5595
101325.5595
101325.5594
101325.5588
101325.5573
101325.5552
101325.5532
101325.5516
101325.5509
101325.5509
101325.5513
101325.552
101325.5528
101325.5535
101325.5542
101325.5549
101325.5562
101325.5585
101325.5618
101325.5652
101325.5676
101325.5687
101325.5596
101325.559
101325.5591
101325.5584
101325.5569
101325.5544
101325.5524
101325.5509
101325.5505
101325.5511
101325.552
101325.553
101325.554
101325.5548
101325.5554
101325.5561
101325.5575
101325.5602
101325.5639
101325.5676
101325.5703
101325.5714
101325.5601
101325.5581
101325.5568
101325.5553
101325.554
101325.5521
101325.55
101325.549
101325.5493
101325.5506
101325.5522
101325.5538
101325.5551
101325.5561
101325.5566
101325.5573
101325.559
101325.5622
101325.5663
101325.5703
101325.5729
101325.5741
101325.8584
101357.7818
101413.0647
101399.3693
101380.5625
101348.0558
101331.6697
101326.6779
101325.6947
101325.5659
101325.5535
101325.5543
101325.5559
101325.557
101325.5577
101325.5586
101325.5608
101325.5645
101325.5689
101325.5727
101325.5752
101325.5762
101430.3886
101467.6297
101473.917
101472.2643
101462.6998
101454.152
101403.1728
101351.4347
101330.2469
101326.039
101325.5994
101325.5595
101325.5568
101325.5575
101325.5586
101325.5601
101325.563
101325.5672
101325.5716
101325.5747
101325.5766
101325.5774
101486.8084
101489.6245
101462.2343
101461.765
101463.5789
101475.4869
101474.1268
101437.9573
101371.7884
101335.0575
101326.5553
101325.6536
101325.5678
101325.5585
101325.5596
101325.562
101325.566
101325.5705
101325.5741
101325.5762
101325.5773
101325.5778
101484.1583
101456.2339
101435.8194
101431.4142
101441.3371
101436.578
101441.4294
101447.9068
101423.8237
101369.8542
101335.3927
101326.7028
101325.6764
101325.5722
101325.5615
101325.5643
101325.5691
101325.5735
101325.576
101325.5772
101325.5775
101325.5777
101430.3303
101421.3539
101425.7414
101443.2613
101465.9108
101465.4044
101447.6449
101447.6911
101439.8163
101407.3768
101358.8892
101332.224
101326.3691
101325.6566
101325.5754
101325.5697
101325.5719
101325.5756
101325.5773
101325.5777
101325.5774
101325.5774
101410.5116
101419.0735
101452.9403
101500.1866
101528.4086
101540.9649
101519.0441
101468.4126
101451.8828
101428.0384
101384.5375
101345.1628
101329.0855
101326.0059
101325.7076
101325.6423
101325.6185
101325.6003
101325.5839
101325.5787
101325.5776
101325.5767
101404.4661
101431.6666
101498.4164
101535.4891
101548.9198
101549.6773
101549.8044
101507.9664
101466.0762
101439.2916
101406.4766
101364.2298
101336.7287
101327.5998
101327.7286
101342.1458
101335.5444
101328.7828
101326.8191
101325.8068
101326.0443
101325.8097
101403.5615
101452.5291
101518.3443
101545.5417
101548.0045
101547.6579
101547.5687
101543.8197
101492.3027
101453.2553
101421.5429
101387.9553
101352.9615
101336.0285
101414.3801
101519.2214
101528.7294
101502.3437
101430.7662
101469.8962
101506.2215
101500.4314
101403.5848
101465.5101
101530.9587
101545.8089
101546.281
101545.9027
101545.6038
101545.3334
101529.8983
101477.2822
101444.3664
101409.5192
101376.5584
101395.4232
101531.199
101547.1107
101547.6024
101547.8885
101548.1016
101547.5668
101548.0984
101548.5087
101405.9369
101479.8924
101538.1597
101544.8748
101544.7875
101544.4237
101544.1078
101543.8934
101543.5117
101519.3551
101466.1593
101435.5157
101412.4474
101481.8836
101547.45
101547.4202
101547.6021
101547.7623
101547.8812
101547.8952
101548.0098
101548.0537
101408.156
101496.373
101539.822
101543.7607
101543.5014
101543.1317
101542.8258
101542.5979
101542.5568
101542.5038
101501.1134
101458.0052
101424.421
101522.3928
101547.2337
101547.4976
101547.5421
101547.6672
101547.7756
101547.8414
101547.8927
101547.9075
101409.3999
101501.9947
101540.5886
101542.7311
101542.3883
101541.9938
101541.6713
101541.4465
101541.3826
101541.3942
101541.0198
101485.1632
101493.1915
101545.1034
101547.3666
101547.4714
101547.5473
101547.6656
101547.7522
101547.8017
101547.8335
101547.8461
101411.5037
101507.1749
101540.6636
101541.8632
101541.4428
101541.0108
101540.6642
101540.4697
101540.4653
101540.792
101541.58
101541.4135
101544.935
101547.2319
101547.6186
101547.5257
101547.6119
101547.7066
101547.7669
101547.7985
101547.8151
101547.8145
101414.0096
101512.9197
101540.8477
101541.2298
101540.7225
101540.2328
101539.8583
101539.6864
101539.7495
101540.214
101541.5818
101543.822
101546.1919
101547.4331
101547.6339
101547.6467
101547.7177
101547.7648
101547.7893
101547.8028
101547.8074
101547.8003
101416.9713
101517.3333
101540.8027
101540.8516
101540.276
101539.7217
101539.317
101539.1595
101539.2916
101539.8326
101541.2698
101543.5153
101545.788
101547.0804
101547.6124
101547.7822
101547.8223
101547.8193
101547.8139
101547.8119
101547.8072
101547.7973
101420.2856
101520.4938
101540.9492
101540.7897
101540.1542
101539.5377
101539.0977
101538.9384
101539.1025
101539.6676
101541.038
101543.1264
101545.2453
101546.822
101547.6286
101547.8769
101547.8915
101547.8589
101547.8357
101547.8222
101547.8112
101547.8
101423.3202
101523.6939
101541.3874
101541.0935
101540.4091
101539.736
101539.2566
101539.0815
101539.2573
101539.86
101541.203
101543.1924
101545.2031
101546.7906
101547.6461
101547.9029
101547.9136
101547.8762
101547.8463
101547.8281
101547.8142
101547.8024
101427.3825
101526.4409
101542.1614
101541.7877
101541.0709
101540.3561
101539.8417
101539.6469
101539.8326
101540.4902
101541.8364
101543.6815
101545.4712
101546.8757
101547.6342
101547.8719
101547.8967
101547.8706
101547.8451
101547.8277
101547.8131
101547.8015
101431.1059
101528.3031
101543.2189
101542.8161
101542.1078
101541.3889
101540.8615
101540.6558
101540.8497
101541.5318
101542.7975
101544.3619
101545.8508
101547.0046
101547.6123
101547.818
101547.8586
101547.8502
101547.8349
101547.8205
101547.8074
101547.7969
101433.5316
101529.7996
101544.393
101544.0862
101543.4354
101542.7534
101542.2397
101542.0304
101542.2104
101542.8383
101543.8933
101545.1161
101546.2785
101547.1502
101547.5972
101547.7663
101547.8165
101547.8231
101547.8171
101547.8081
101547.798
101547.7892
101437.3411
101530.6785
101545.6665
101545.4686
101544.9045
101544.2893
101543.8092
101543.5946
101543.7152
101544.2076
101544.9887
101545.8724
101546.7001
101547.2931
101547.5972
101547.7292
101547.7802
101547.7958
101547.7976
101547.7937
101547.7867
101547.7802
101441.0361
101531.3566
101546.8645
101546.7908
101546.3295
101545.7927
101545.3462
101545.1111
101545.1458
101545.4624
101545.9697
101546.538
101547.0603
101547.4197
101547.6125
101547.7096
101547.7548
101547.7737
101547.7799
101547.7794
101547.7758
101547.7714
101443.272
101531.9218
101547.9107
101547.9346
101547.5614
101547.0923
101546.6684
101546.3994
101546.3369
101546.4693
101546.7385
101547.0523
101547.3336
101547.525
101547.6386
101547.7049
101547.7406
101547.7584
101547.7657
101547.7677
101547.7664
101547.7638
101445.7968
101532.1177
101548.7015
101548.8106
101548.5055
101548.0881
101547.6784
101547.3721
101547.2092
101547.1942
101547.2799
101547.4062
101547.5242
101547.6091
101547.6693
101547.7103
101547.7352
101547.7489
101547.756
101547.7588
101547.7588
101547.7573
101448.5686
101532.1214
101549.2071
101549.3737
101549.1159
101548.7363
101548.3383
101548.0042
101547.7722
101547.6537
101547.6166
101547.6251
101547.6483
101547.6727
101547.6986
101547.7202
101547.7349
101547.7444
101547.7499
101547.7523
101547.7527
101547.7519
101450.9894
101532.0896
101549.4396
101549.6254
101549.4009
101549.0514
101548.6696
101548.3308
101548.0673
101547.8934
101547.7937
101547.7439
101547.722
101547.7164
101547.7218
101547.7298
101547.7371
101547.7425
101547.7458
101547.7474
101547.7476
101547.7472
101453.4427
101532.187
101549.4315
101549.6193
101549.4254
101549.1064
101548.7504
101548.428
101548.1674
101547.9813
101547.8641
101547.7959
101547.7589
101547.7413
101547.7362
101547.7368
101547.7391
101547.7412
101547.7426
101547.7431
101547.743
101547.7427
101456.0504
101532.5947
101549.2691
101549.4394
101549.2772
101548.9952
101548.6725
101548.3845
101548.1537
101547.9819
101547.8727
101547.8075
101547.7704
101547.7509
101547.7426
101547.7398
101547.7392
101547.7393
101547.7392
101547.739
101547.7385
101547.7381
101458.7058
101533.0484
101549.0011
101549.1576
101549.028
101548.799
101548.5288
101548.2819
101548.0854
101547.9418
101547.8512
101547.7973
101547.7666
101547.7503
101547.7424
101547.7387
101547.7371
101547.7361
101547.7354
101547.7346
101547.7339
101547.7334
101461.464
101533.4257
101548.68
101548.8407
101548.7442
101548.5732
101548.3632
101548.1639
101548.0038
101547.89
101547.8191
101547.7778
101547.7551
101547.7433
101547.7374
101547.7345
101547.7329
101547.7318
101547.7309
101547.7299
101547.7291
101547.7284
101464.2322
101534.1941
101548.3636
101548.5305
101548.4708
101548.3541
101548.2012
101548.0497
101547.9266
101547.84
101547.7866
101547.7565
101547.7409
101547.7333
101547.7298
101547.7282
101547.7274
101547.7266
101547.7258
101547.725
101547.7241
101547.7233
101467.0466
101534.8965
101548.0867
101548.2546
101548.231
101548.1615
101548.0589
101547.9507
101547.8608
101547.7972
101547.7581
101547.7368
101547.7266
101547.7223
101547.721
101547.7209
101547.721
101547.7209
101547.7205
101547.7199
101547.719
101547.7182
101469.8195
101535.3157
101547.8666
101548.0273
101548.0284
101548.0004
101547.9407
101547.8697
101547.8075
101547.7624
101547.7345
101547.7198
101547.7135
101547.7118
101547.7122
101547.7133
101547.7144
101547.715
101547.7151
101547.7148
101547.7141
101547.7132
101472.5686
101535.8771
101547.6774
101547.8435
101547.8659
101547.8717
101547.8452
101547.8047
101547.7651
101547.7347
101547.7155
101547.7057
101547.7022
101547.7022
101547.7039
101547.7061
101547.708
101547.7093
101547.7099
101547.7099
101547.7093
101547.7085
101475.3253
101536.5426
101547.5281
101547.704
101547.7424
101547.7699
101547.7699
101547.753
101547.7312
101547.7125
101547.7
101547.694
101547.6926
101547.6939
101547.6966
101547.6995
101547.7021
101547.704
101547.705
101547.7054
101547.705
101547.7043
101478.1482
101537.0206
101547.4301
101547.6053
101547.6526
101547.6948
101547.7116
101547.712
101547.7039
101547.6944
101547.6875
101547.6844
101547.6847
101547.6869
101547.6902
101547.6937
101547.6969
101547.6992
101547.7007
101547.7014
101547.7012
101547.7006
101481.0375
101537.6497
101547.3603
101547.5391
101547.5915
101547.6417
101547.6694
101547.6808
101547.6825
101547.68
101547.6774
101547.6767
101547.6783
101547.6813
101547.685
101547.6889
101547.6925
101547.6952
101547.6971
101547.698
101547.6981
101547.6975
101483.9458
101538.3395
101547.312
101547.4978
101547.553
101547.6056
101547.6401
101547.6594
101547.6672
101547.6693
101547.6697
101547.6709
101547.6734
101547.6769
101547.681
101547.6851
101547.6889
101547.692
101547.6941
101547.6953
101547.6956
101547.6951
101486.8885
101538.7969
101547.297
101547.4781
101547.5315
101547.5836
101547.6209
101547.6442
101547.6564
101547.6617
101547.6643
101547.6668
101547.6699
101547.6738
101547.678
101547.6823
101547.6863
101547.6896
101547.692
101547.6934
101547.6938
101547.6935
101489.8816
101539.2343
101547.297
101547.4723
101547.5223
101547.5722
101547.6097
101547.6344
101547.6493
101547.657
101547.661
101547.6643
101547.6678
101547.6718
101547.6761
101547.6805
101547.6846
101547.6881
101547.6906
101547.6922
101547.6928
101547.6927
101492.8821
101539.559
101547.301
101547.4745
101547.5211
101547.5683
101547.6046
101547.6296
101547.6459
101547.6547
101547.6596
101547.6633
101547.6669
101547.6709
101547.6752
101547.6796
101547.6838
101547.6874
101547.6901
101547.6919
101547.6926
101547.6926
101495.8742
101539.8393
101547.3196
101547.4831
101547.5255
101547.5694
101547.6039
101547.6288
101547.6455
101547.6547
101547.6598
101547.6635
101547.6671
101547.6709
101547.6752
101547.6796
101547.6838
101547.6875
101547.6904
101547.6923
101547.6933
101547.6935
101498.8697
101540.0887
101547.3351
101547.4925
101547.5326
101547.5736
101547.6065
101547.6311
101547.6474
101547.6564
101547.6613
101547.6648
101547.6681
101547.6718
101547.6759
101547.6803
101547.6846
101547.6884
101547.6915
101547.6936
101547.6948
101547.6951
101501.8374
101540.4406
101547.3389
101547.5004
101547.541
101547.58
101547.6116
101547.6359
101547.6512
101547.6595
101547.6639
101547.667
101547.6699
101547.6734
101547.6774
101547.6818
101547.6861
101547.6901
101547.6934
101547.6958
101547.6971
101547.6976
101504.8226
101540.7274
101547.3474
101547.5098
101547.5511
101547.5886
101547.6192
101547.6424
101547.6566
101547.6639
101547.6676
101547.67
101547.6726
101547.6758
101547.6796
101547.684
101547.6885
101547.6926
101547.6961
101547.6987
101547.7003
101547.701
101507.797
101540.9917
101547.3519
101547.5199
101547.5629
101547.5996
101547.6288
101547.6507
101547.6634
101547.6695
101547.6723
101547.6741
101547.6761
101547.6789
101547.6826
101547.687
101547.6915
101547.6959
101547.6995
101547.7023
101547.7042
101547.7052
101510.7816
101541.2328
101547.3458
101547.5317
101547.5773
101547.6128
101547.6406
101547.6607
101547.6717
101547.6765
101547.6782
101547.6791
101547.6805
101547.6829
101547.6864
101547.6907
101547.6954
101547.6998
101547.7036
101547.7066
101547.7088
101547.7101
101513.817
101541.4527
101547.3469
101547.5519
101547.5958
101547.6288
101547.6545
101547.6726
101547.6817
101547.685
101547.6854
101547.6854
101547.686
101547.688
101547.6912
101547.6954
101547.7
101547.7045
101547.7084
101547.7115
101547.7139
101547.7156
101516.8457
101541.6797
101547.3016
101547.5863
101547.6185
101547.6466
101547.6702
101547.6862
101547.6934
101547.695
101547.6941
101547.6929
101547.6927
101547.6941
101547.6969
101547.7008
101547.7053
101547.7097
101547.7136
101547.7168
101547.7194
101547.7214
101519.7216
101541.7771
101547.2788
101547.6137
101547.6399
101547.6656
101547.6875
101547.7013
101547.7065
101547.7064
101547.7041
101547.7018
101547.7007
101547.7013
101547.7035
101547.707
101547.7111
101547.7153
101547.719
101547.7222
101547.725
101547.7273
101522.259
101541.5913
101547.2701
101547.6402
101547.6626
101547.6856
101547.7057
101547.7174
101547.7209
101547.7192
101547.7155
101547.7119
101547.7097
101547.7094
101547.7109
101547.7138
101547.7173
101547.721
101547.7244
101547.7274
101547.7303
101547.733
101524.6437
101541.2621
101547.3712
101547.6712
101547.6859
101547.7058
101547.724
101547.7342
101547.7361
101547.733
101547.7279
101547.723
101547.7196
101547.7183
101547.7188
101547.7207
101547.7235
101547.7265
101547.7294
101547.7321
101547.735
101547.7378
101527.84
101541.3502
101547.6403
101547.6965
101547.701
101547.7224
101547.7413
101547.7508
101547.7517
101547.7473
101547.7408
101547.7345
101547.7298
101547.7272
101547.7266
101547.7274
101547.7291
101547.7313
101547.7335
101547.7358
101547.7386
101547.7416
101534.7634
101545.1258
101547.7087
101547.6932
101547.7004
101547.732
101547.7559
101547.7664
101547.7667
101547.7612
101547.7534
101547.7458
101547.7397
101547.7356
101547.7336
101547.7331
101547.7337
101547.7349
101547.7364
101547.7383
101547.7409
101547.7438
101545.3413
101546.6432
101547.3331
101547.5614
101547.675
101547.7368
101547.7681
101547.7802
101547.7803
101547.7738
101547.7647
101547.7557
101547.7482
101547.7426
101547.7391
101547.7373
101547.7367
101547.737
101547.7379
101547.7393
101547.7416
101547.7443
101547.3885
101547.3165
101547.45
101547.5859
101547.6898
101547.7505
101547.7816
101547.793
101547.7922
101547.7845
101547.7741
101547.7636
101547.7545
101547.7474
101547.7425
101547.7394
101547.7377
101547.7372
101547.7376
101547.7388
101547.7408
101547.7432
101547.4394
101547.4655
101547.5471
101547.6417
101547.7188
101547.7696
101547.7968
101547.806
101547.8033
101547.7938
101547.7815
101547.7692
101547.7582
101547.7495
101547.7431
101547.7388
101547.7364
101547.7354
101547.7357
101547.7369
101547.7389
101547.7409
101547.3834
101547.4612
101547.5668
101547.6657
101547.739
101547.7864
101547.8111
101547.8181
101547.8132
101547.8015
101547.787
101547.7725
101547.7596
101547.7493
101547.7417
101547.7365
101547.7336
101547.7325
101547.7329
101547.7344
101547.7368
101547.7388
101531.3274
101531.3207
101531.8739
101545.0547
101545.4684
101545.9735
101547.3479
101547.3581
101547.5202
101547.3744
101547.3813
101547.4387
101547.3458
101547.3449
101547.3636
)
;

boundaryField
{
    inlet
    {
        type            fixedFluxPressure;
        gradient        nonuniform List<scalar> 3(0.007038826162 -94.50585933 -1756.424167);
        value           nonuniform List<scalar> 3(101531.3274 101531.2735 101530.9957);
    }
    frontandback
    {
        type            empty;
    }
    walls
    {
        type            fixedFluxPressure;
        gradient        nonuniform List<scalar> 
225
(
0
0
0
0
0
0
0
0
0
0
0
0
0
0
0
0
0
0
0
0
0
0
0
0
0
0
0
0
0
0
0
0
0
0
0
0
0
0
0
0
0
0
0
0
0
0
0
0
0
0
0
0
0
0
0
0
0
0
0
0
0
0
0
0
0
0
0
0
0
0
0
0
0
0
0
0
0
0
0
0
0
0
0
0
0
0
0
0
0
0
0
0
0
0
0
0
0
0
0
0
0
0
0
0
0
0
0
0
0
0
0
0
0
0
0
0
0
0
0
0
0
0
0
0
0
0
0
0
0
0
0
0
0
0
0
0
0
0
0
0
0
0
0
0
0
0
0
0
0
0
0
0
0
0
0
0
0
0
0
0
0
0
0
0
0
0
0
0
0
0
0
0
0
0
0
0
0
0
0
0
0
0
0
0
0
0
0
0
0
0
0
0
0
0
-2.310944587e-14
-2.294674197e-14
-2.285647896e-14
-2.394535676e-14
-3.640379075e-14
-2.387282775e-14
-1.748412001e-14
-9.637988837e-19
-3.146758884e-15
-5.359415898e-15
-2.184576301e-15
-5.456393985e-16
-2.320869996e-16
-1.547106355e-16
-1.150070386e-16
-9.327558207e-17
-8.354696537e-17
-9.644507117e-17
-1.359389495e-16
-2.425557245e-16
-3.401769826e-16
-1.480910251e-18
0
0
0
0
0
-1.288116586e-14
0
-1.553200637e-14
-2.120432962e-14
)
;
        value           nonuniform List<scalar> 
225
(
101325.5664
101325.5802
101325.5664
101325.5801
101325.5664
101325.58
101325.5664
101325.5799
101325.5665
101325.5797
101325.5665
101325.5796
101325.5665
101325.5794
101325.5666
101325.5793
101325.5667
101325.5791
101325.5669
101325.579
101325.567
101325.5788
101325.5672
101325.5786
101325.5675
101325.5784
101325.5679
101325.5781
101325.5683
101325.5778
101325.5688
101325.5774
101325.5693
101325.5769
101325.57
101325.5763
101325.5706
101325.5756
101325.5712
101325.5748
101325.5718
101325.5738
101325.5721
101325.5726
101325.5722
101325.5713
101325.572
101325.57
101325.5713
101325.5686
101325.5702
101325.5673
101325.5688
101325.5661
101325.5672
101325.5651
101325.5654
101325.5642
101325.5637
101325.5635
101325.5621
101325.5628
101325.5609
101325.5623
101325.5599
101325.5618
101325.5593
101325.5616
101325.559
101325.5616
101325.5589
101325.5621
101325.559
101325.563
101325.5591
101325.5643
101325.5593
101325.5662
101325.5595
101325.5687
101325.5596
101325.5714
101325.5601
101325.5741
101325.8584
101325.5762
101430.3886
101325.5774
101486.8084
101325.5778
101484.1583
101325.5777
101430.3303
101325.5774
101410.5116
101325.5767
101404.4661
101325.8097
101403.5615
101500.4314
101403.5848
101548.5087
101405.9369
101548.0537
101408.156
101547.9075
101409.3999
101547.8461
101411.5037
101547.8145
101414.0096
101547.8003
101416.9713
101547.7973
101420.2856
101547.8
101423.3202
101547.8024
101427.3825
101547.8015
101431.1059
101547.7969
101433.5316
101547.7892
101437.3411
101547.7802
101441.0361
101547.7714
101443.272
101547.7638
101445.7968
101547.7573
101448.5686
101547.7519
101450.9894
101547.7472
101453.4427
101547.7427
101456.0504
101547.7381
101458.7058
101547.7334
101461.464
101547.7284
101464.2322
101547.7233
101467.0466
101547.7182
101469.8195
101547.7132
101472.5686
101547.7085
101475.3253
101547.7043
101478.1482
101547.7006
101481.0375
101547.6975
101483.9458
101547.6951
101486.8885
101547.6935
101489.8816
101547.6927
101492.8821
101547.6926
101495.8742
101547.6935
101498.8697
101547.6951
101501.8374
101547.6976
101504.8226
101547.701
101507.797
101547.7052
101510.7816
101547.7101
101513.817
101547.7156
101516.8457
101547.7214
101519.7216
101547.7273
101522.259
101547.733
101524.6437
101547.7378
101527.84
101547.7416
101547.7438
101547.7443
101547.7432
101547.7409
101547.3834
101547.4612
101547.5668
101547.6657
101547.739
101547.7864
101547.8111
101547.8181
101547.8132
101547.8015
101547.787
101547.7725
101547.7596
101547.7493
101547.7417
101547.7365
101547.7336
101547.7325
101547.7329
101547.7344
101547.7368
101547.7388
101547.7388
101531.3274
101545.0547
101547.3479
101547.3744
101547.3458
101547.3458
101547.3449
101547.3636
)
;
    }
    outlet
    {
        type            prghPressure;
        p               uniform 101325;
        value           nonuniform List<scalar> 
22
(
101325.5664
101325.5665
101325.5667
101325.567
101325.5675
101325.5683
101325.5692
101325.5703
101325.5715
101325.5729
101325.5745
101325.5764
101325.5803
101325.5803
101325.5803
101325.5803
101325.5803
101325.5803
101325.5803
101325.5803
101325.5803
101325.5803
)
;
        rho             rho;
    }
}


// ************************************************************************* //
