/*--------------------------------*- C++ -*----------------------------------*\
  =========                 |
  \\      /  F ield         | OpenFOAM: The Open Source CFD Toolbox
   \\    /   O peration     | Website:  https://openfoam.org
    \\  /    A nd           | Version:  9
     \\/     M anipulation  |
\*---------------------------------------------------------------------------*/
FoamFile
{
    format      ascii;
    class       surfaceScalarField;
    location    "10";
    object      phi;
}
// * * * * * * * * * * * * * * * * * * * * * * * * * * * * * * * * * * * * * //

dimensions      [0 3 -1 0 0 0 0];

internalField   nonuniform List<scalar> 
4305
(
5.300238656e-08
-9.305305854e-07
1.415626696e-07
-2.540513211e-06
2.418667273e-07
-3.794347196e-06
3.311668017e-07
-4.601389123e-06
3.89056397e-07
-4.938640605e-06
4.09677462e-07
-4.869366384e-06
3.900074602e-07
-4.486485308e-06
3.40791531e-07
-3.853741946e-06
2.743164659e-07
-3.093079311e-06
2.020023381e-07
-2.273785536e-06
1.322165689e-07
-1.445351655e-06
7.094006061e-08
-6.450165521e-07
3.096455338e-08
7.370846273e-08
1.12610708e-08
6.755599036e-07
2.610723889e-09
1.14864738e-06
-7.687345589e-10
1.474383466e-06
-1.685145662e-09
1.647665877e-06
-1.611706643e-09
1.67129749e-06
-1.156780286e-09
1.549281829e-06
-5.7384302e-10
1.285510165e-06
-7.469656496e-11
8.82527767e-07
3.411973658e-07
4.52371279e-08
-9.758644831e-07
1.438705619e-07
-2.639464706e-06
2.598947471e-07
-3.910908424e-06
3.599588265e-07
-4.702133663e-06
4.198934059e-07
-4.99927877e-06
4.380913179e-07
-4.888185797e-06
4.089104853e-07
-4.45778678e-06
3.491484503e-07
-3.794353463e-06
2.732905983e-07
-3.017594e-06
1.945773551e-07
-2.195563071e-06
1.237762948e-07
-1.375204051e-06
7.121766293e-08
-5.931047422e-07
3.456950074e-08
1.103222796e-07
9.925976236e-09
7.009588876e-07
-3.012146885e-09
1.162429863e-06
-8.536008473e-09
1.480518536e-06
-9.534633661e-09
1.649028713e-06
-8.174580001e-09
1.670137015e-06
-5.685996359e-09
1.546903455e-06
-2.954178787e-09
1.28284418e-06
-7.968196671e-10
8.804106642e-07
3.40416003e-07
4.792095173e-08
-1.023914265e-06
1.537874279e-07
-2.745702906e-06
2.768909353e-07
-4.034584414e-06
3.790136895e-07
-4.804944419e-06
4.3591291e-07
-5.056876155e-06
4.4653437e-07
-4.899413572e-06
4.087142732e-07
-4.420410401e-06
3.412518476e-07
-3.727180674e-06
2.591553394e-07
-2.935731617e-06
1.76060948e-07
-2.112767733e-06
1.031975539e-07
-1.302762792e-06
4.847193076e-08
-5.387820294e-07
1.187893572e-08
1.469122935e-07
-1.112908752e-08
7.245028121e-07
-2.279579315e-08
1.174829706e-06
-2.658477486e-08
1.48493813e-06
-2.467167563e-08
1.647547386e-06
-1.984128047e-08
1.66556976e-06
-1.360971841e-08
1.540827011e-06
-7.27037313e-09
1.276598521e-06
-2.225854494e-09
8.754214962e-07
3.382106744e-07
5.095834631e-08
-1.075019151e-06
1.644308911e-07
-2.859575204e-06
2.936796829e-07
-4.164433566e-06
3.961165025e-07
-4.908096645e-06
4.466975304e-07
-5.108176446e-06
4.48322512e-07
-4.901646783e-06
3.998727915e-07
-4.372373678e-06
3.225144738e-07
-3.650037667e-06
2.325584407e-07
-2.845882004e-06
1.440984511e-07
-2.024431022e-06
6.797285155e-08
-1.226830447e-06
1.097240208e-08
-4.819670743e-07
-2.597266743e-08
1.839079426e-07
-4.660443931e-08
7.455414746e-07
-5.468838848e-08
1.183523453e-06
-5.394280121e-08
1.484784169e-06
-4.658644614e-08
1.640643926e-06
-3.609950226e-08
1.655386191e-06
-2.430618496e-08
1.529225392e-06
-1.290757856e-08
1.265319742e-06
-3.959890949e-09
8.665445334e-07
3.342765528e-07
5.552041706e-08
-1.13069732e-06
1.766820098e-07
-2.981158748e-06
3.096372111e-07
-4.298015965e-06
4.087878789e-07
-5.007988679e-06
4.511486863e-07
-5.151275704e-06
4.411599288e-07
-4.892267999e-06
3.797195529e-07
-4.311317353e-06
2.921102002e-07
-3.56257575e-06
1.946848624e-07
-2.748449509e-06
1.011830773e-07
-1.930890424e-06
2.192663786e-08
-1.147581443e-06
-3.679616948e-08
-4.23259495e-07
-7.363853416e-08
2.20864104e-07
-9.155325725e-08
7.637984143e-07
-9.486219316e-08
1.187343475e-06
-8.798470081e-08
1.47844035e-06
-7.361668412e-08
1.626720594e-06
-5.590944515e-08
1.6380019e-06
-3.712482347e-08
1.510658738e-06
-1.954659886e-08
1.247883738e-06
-5.970826647e-09
8.530539619e-07
3.283367333e-07
6.073982666e-08
-1.191602674e-06
1.889221782e-07
-3.109783232e-06
3.229784012e-07
-4.432726232e-06
4.153327896e-07
-5.101111468e-06
4.464791848e-07
-5.1831816e-06
4.206133795e-07
-4.867016024e-06
3.471130336e-07
-4.238177839e-06
2.500864231e-07
-3.465635435e-06
1.462078594e-07
-2.64446515e-06
4.877827202e-08
-1.833287848e-06
-3.249876899e-08
-1.066157479e-06
-9.178669508e-08
-3.638488311e-07
-1.275500147e-07
2.568080485e-07
-1.421562982e-07
7.787227451e-07
-1.400223891e-07
1.185651954e-06
-1.260581136e-07
1.464953134e-06
-1.03736422e-07
1.604821098e-06
-7.784108577e-08
1.612434104e-06
-5.114830211e-08
1.484200523e-06
-2.670228252e-08
1.223597421e-06
-8.104489645e-09
8.345539208e-07
3.202678277e-07
6.640369145e-08
-1.258177293e-06
2.004957581e-07
-3.244337133e-06
3.32544175e-07
-4.565455858e-06
4.140940407e-07
-5.183456929e-06
4.31669451e-07
-5.201537987e-06
3.882400397e-07
-4.824206784e-06
3.025626496e-07
-4.152844161e-06
1.97010641e-07
-3.360119288e-06
8.805652074e-08
-2.535317883e-06
-1.171878592e-08
-1.733223056e-06
-9.33800059e-08
-9.842172e-07
-1.516152227e-07
-3.053732162e-07
-1.849106966e-07
2.903524978e-07
-1.952888125e-07
7.894203231e-07
-1.870987149e-07
1.177861772e-06
-1.654936079e-07
1.443778528e-06
-1.347549738e-07
1.57447818e-06
-1.001700577e-07
1.57817261e-06
-6.527445123e-08
1.449548909e-06
-3.381074989e-08
1.192306878e-06
-1.018360619e-08
8.110353235e-07
3.10123995e-07
7.218305438e-08
-1.33053546e-06
2.103205887e-07
-3.382956612e-06
3.366167389e-07
-4.692460275e-06
4.028994149e-07
-5.25056111e-06
4.04273958e-07
-5.203712219e-06
3.424483459e-07
-4.763004293e-06
2.451103955e-07
-4.055833778e-06
1.326022857e-07
-3.24760913e-06
2.059798651e-08
-2.423050171e-06
-7.935752151e-08
-1.632878507e-06
-1.592545916e-07
-9.039263727e-07
-2.144087229e-07
-2.498722573e-07
-2.435021278e-07
3.197649161e-07
-2.484141167e-07
7.946707303e-07
-2.334023258e-07
1.163228968e-06
-2.037441831e-07
1.414517444e-06
-1.645599088e-07
1.535665742e-06
-1.213328001e-07
1.535261515e-06
-7.84431092e-08
1.406908366e-06
-4.030899846e-08
1.154356407e-06
-1.203765103e-08
7.828819931e-07
2.981298561e-07
7.769557109e-08
-1.408409804e-06
2.16830854e-07
-3.522594117e-06
3.322912383e-07
-4.808654085e-06
3.796972042e-07
-5.298811897e-06
3.611507526e-07
-5.185982028e-06
2.81221546e-07
-4.683694816e-06
1.73314836e-07
-3.948224257e-06
5.605774772e-08
-3.130307984e-06
-5.635303609e-08
-2.310309677e-06
-1.537349458e-07
-1.535015439e-06
-2.291947735e-07
-8.279653954e-07
-2.78811035e-07
-1.998075643e-07
-3.016209041e-07
3.429675503e-07
-2.995300023e-07
7.929514832e-07
-2.767410202e-07
1.140816707e-06
-2.386906379e-07
1.376845184e-06
-1.912493872e-07
1.488579493e-06
-1.398712578e-07
1.484193521e-06
-8.967170682e-08
1.356962565e-06
-4.568007467e-08
1.110558613e-06
-1.351166333e-08
7.508412523e-07
2.846657774e-07
8.242948654e-08
-1.49102231e-06
2.182586401e-07
-3.658945562e-06
3.168637621e-07
-4.908013989e-06
3.407400113e-07
-5.323550841e-06
2.977407421e-07
-5.14381035e-06
2.011175201e-07
-4.587696527e-06
8.461756203e-08
-3.832008867e-06
-3.453207188e-08
-3.011062235e-06
-1.440028784e-07
-2.200437293e-06
-2.353485612e-07
-1.44309829e-06
-3.030478527e-07
-7.596619498e-07
-3.441231441e-07
-1.581821384e-07
-3.581330011e-07
3.57451181e-07
-3.471679129e-07
7.824061379e-07
-3.154583321e-07
1.109500256e-06
-2.686483758e-07
1.330410956e-06
-2.132194498e-07
1.433499839e-06
-1.544706893e-07
1.425755142e-06
-9.807271565e-08
1.300826291e-06
-4.946152697e-08
1.062153729e-06
-1.446990146e-08
7.159887401e-07
2.702482635e-07
8.550847644e-08
-1.576719043e-06
2.118922882e-07
-3.785869863e-06
2.858905489e-07
-4.982781275e-06
2.805735433e-07
-5.319104517e-06
2.098712156e-07
-5.073939242e-06
9.764617503e-08
-4.476095688e-06
-2.502011641e-08
-3.709619703e-06
-1.425679232e-07
-2.893392123e-06
-2.449657414e-07
-2.097580489e-06
-3.259570151e-07
-1.361449383e-06
-3.817405e-07
-7.031712011e-07
-4.105358578e-07
-1.287289657e-07
-4.126275735e-07
3.601105809e-07
-3.904629826e-07
7.607281529e-07
-3.484267431e-07
1.06789546e-06
-2.923213242e-07
1.274699439e-06
-2.291620169e-07
1.370700118e-06
-1.640243125e-07
1.360939284e-06
-1.02871131e-07
1.239950941e-06
-5.124001621e-08
1.010747564e-06
-1.478899853e-08
6.796925439e-07
2.555183639e-07
8.577260126e-08
-1.662686548e-06
1.940148086e-07
-3.894666844e-06
2.338840532e-07
-5.023423722e-06
1.926866004e-07
-5.278773031e-06
9.173554718e-08
-4.973801895e-06
-3.516734509e-08
-4.349787014e-06
-1.61414724e-07
-3.58362269e-06
-2.733564764e-07
-2.781304939e-06
-3.637595483e-07
-2.006676864e-06
-4.290952012e-07
-1.295380481e-06
-4.677579502e-07
-6.636963695e-07
-4.795315516e-07
-1.161787922e-07
-4.657172871e-07
3.46977933e-07
-4.293359408e-07
7.249270612e-07
-3.750791814e-07
1.014137791e-06
-3.088685111e-07
1.20892861e-06
-2.380884268e-07
1.300313211e-06
-1.676227683e-07
1.290824971e-06
-1.033883274e-07
1.17602418e-06
-5.063170239e-08
9.582444282e-07
-1.434604342e-08
6.435840691e-07
2.412406635e-07
8.15170823e-08
-1.744405761e-06
1.597542852e-07
-3.973466066e-06
1.544740176e-07
-5.018907305e-06
6.932795642e-08
-5.194471192e-06
-6.361142265e-08
-4.841635738e-06
-2.052081928e-07
-4.208743538e-06
-3.326376523e-07
-3.456408263e-06
-4.34698504e-07
-2.679065461e-06
-5.075041857e-07
-1.933328371e-06
-5.508388487e-07
-1.251243533e-06
-5.658936855e-07
-6.477221898e-07
-5.545566991e-07
-1.266051552e-07
-5.19588903e-07
3.128339862e-07
-4.649072201e-07
6.709563813e-07
-3.956838318e-07
9.455215197e-07
-3.180253554e-07
1.13179454e-06
-2.394095961e-07
1.222157569e-06
-1.64586105e-07
1.216409174e-06
-9.9042385e-08
1.110838489e-06
-4.726786459e-08
9.067669423e-07
-1.300756214e-08
6.095331029e-07
2.283145718e-07
6.921549022e-08
-1.813829958e-06
1.044443405e-07
-4.009254062e-06
4.052546887e-08
-4.955727954e-06
-9.738176463e-08
-5.057361449e-06
-2.648658248e-07
-4.674870401e-06
-4.224671844e-07
-4.051651149e-06
-5.49393752e-07
-3.329666544e-06
-6.375596409e-07
-2.590696266e-06
-6.86832868e-07
-1.883476287e-06
-7.008798161e-07
-1.236331831e-06
-6.843944384e-07
-6.631812905e-07
-6.421210669e-07
-1.678197273e-07
-5.789632621e-07
2.506740669e-07
-5.00260382e-07
5.931408015e-07
-4.119783866e-07
8.580070692e-07
-3.205157144e-07
1.040992572e-06
-2.331900752e-07
1.135404848e-06
-1.546130097e-07
1.138333595e-06
-8.942190438e-08
1.046084213e-06
-4.081893809e-08
8.585248841e-07
-1.062995157e-08
5.79598499e-07
2.177841208e-07
4.510270397e-08
-1.85914479e-06
2.062685639e-08
-3.985320321e-06
-1.162543403e-07
-4.819546826e-06
-3.152616941e-07
-4.859086038e-06
-5.225302003e-07
-4.468244745e-06
-6.988690219e-07
-3.875751877e-06
-8.252822705e-07
-3.203392478e-06
-8.967932988e-07
-2.518960928e-06
-9.17026353e-07
-1.862648269e-06
-8.939792447e-07
-1.258470152e-06
-8.366154211e-07
-7.194276732e-07
-7.53508501e-07
-2.497199339e-07
-6.527074465e-07
1.510672424e-07
-5.418343272e-07
4.833753058e-07
-4.282418841e-07
7.454006928e-07
-3.188980868e-07
9.325079938e-07
-2.207331849e-07
1.037983549e-06
-1.381643597e-07
1.056408543e-06
-7.451148633e-08
9.829841386e-07
-3.110204991e-08
8.155673314e-07
-7.090631478e-09
5.559035722e-07
2.108178489e-07
1.019011256e-08
-1.869545665e-06
-9.70104061e-08
-3.878630706e-06
-3.214103784e-07
-4.595788491e-06
-5.923082497e-07
-4.588833956e-06
-8.474849454e-07
-4.213611204e-06
-1.047926305e-06
-3.675664785e-06
-1.17684775e-06
-3.074559861e-06
-1.231637766e-06
-2.463935863e-06
-1.219052512e-06
-1.874651372e-06
-1.151566229e-06
-1.325050067e-06
-1.04310074e-06
-8.267317192e-07
-9.071231382e-07
-3.843788954e-07
-7.562174614e-07
1.536626272e-09
-6.016053923e-07
3.301076451e-07
-4.530924549e-07
5.981356735e-07
-3.189126942e-07
7.994445434e-07
-2.056770931e-07
9.257239395e-07
-1.171909293e-07
9.687641013e-07
-5.513727531e-08
9.216440512e-07
-1.831025273e-08
7.793162599e-07
-2.361196096e-09
5.403548272e-07
2.086147831e-07
-4.125196981e-08
-1.828496089e-06
-2.540638798e-07
-3.666283753e-06
-5.801395447e-07
-4.270274249e-06
-9.356373006e-07
-4.233874179e-06
-1.249654051e-06
-3.900024881e-06
-1.483711447e-06
-3.441874519e-06
-1.622787773e-06
-2.935535019e-06
-1.665328026e-06
-2.421183658e-06
-1.619832819e-06
-1.919638207e-06
-1.502796072e-06
-1.441272264e-06
-1.33345291e-06
-9.949792773e-07
-1.131050205e-06
-5.85461508e-07
-9.143349783e-07
-2.137133993e-07
-7.000402833e-07
1.173338011e-07
-5.022197678e-07
4.018075463e-07
-3.315745196e-07
6.30193387e-07
-1.952643382e-07
7.906650422e-07
-9.616354728e-08
8.707529242e-07
-3.361032874e-08
8.600120375e-07
-3.352842269e-09
7.497972058e-07
3.363213711e-09
5.341503036e-07
2.121824473e-07
-1.126119329e-07
-1.716069402e-06
-4.496168444e-07
-3.32968269e-06
-8.955006604e-07
-3.824856322e-06
-1.349694397e-06
-3.780100558e-06
-1.736559373e-06
-3.513479284e-06
-2.018587318e-06
-3.16004501e-06
-2.181380678e-06
-2.772795149e-06
-2.22268568e-06
-2.379757029e-06
-2.150514024e-06
-1.991480177e-06
-1.983710866e-06
-1.607501874e-06
-1.746547349e-06
-1.23130494e-06
-1.464420523e-06
-8.664895782e-07
-1.163670716e-06
-5.131303795e-07
-8.688624953e-07
-1.759668475e-07
-6.01068789e-07
1.356112603e-07
-3.758410185e-07
4.065596596e-07
-2.023018086e-07
6.186318287e-07
-8.30924425e-08
7.528986582e-07
-1.44319652e-08
7.925152582e-07
1.179694139e-08
7.245071165e-07
9.630818975e-09
5.369713237e-07
2.220804861e-07
-2.022637687e-07
-1.513963583e-06
-6.793979062e-07
-2.852878505e-06
-1.263441426e-06
-3.241174781e-06
-1.831527366e-06
-3.212319264e-06
-2.309103966e-06
-3.036132277e-06
-2.658701243e-06
-2.810620154e-06
-2.865100486e-06
-2.566518853e-06
-2.924384142e-06
-2.320539976e-06
-2.841102725e-06
-2.074750049e-06
-2.632267885e-06
-1.816199594e-06
-2.326590551e-06
-1.536661031e-06
-1.955059155e-06
-1.237463709e-06
-1.552027844e-06
-9.153219085e-07
-1.151947132e-06
-5.749136573e-07
-7.865001276e-07
-2.284433213e-07
-4.80077285e-07
1.017006665e-07
-2.467980514e-07
3.869722339e-07
-9.065020901e-08
5.983110581e-07
-4.957212105e-09
7.082250131e-07
2.369260725e-08
6.970226148e-07
1.552278387e-08
5.45972619e-07
2.37953816e-07
-3.068399724e-07
-1.20724482e-06
-9.372231744e-07
-2.222743329e-06
-1.669755931e-06
-2.508902188e-06
-2.367417943e-06
-2.514865012e-06
-2.957244495e-06
-2.446481432e-06
-3.398585248e-06
-2.369476746e-06
-3.672262913e-06
-2.293100353e-06
-3.776663785e-06
-2.216474985e-06
-3.70915164e-06
-2.14267415e-06
-3.47672505e-06
-2.049081518e-06
-3.112259035e-06
-1.901548119e-06
-2.650316954e-06
-1.699696552e-06
-2.131752332e-06
-1.433929381e-06
-1.601510284e-06
-1.104847822e-06
-1.105303367e-06
-7.239271004e-07
-6.819564286e-07
-3.205143396e-07
-3.561318601e-07
6.258805248e-08
-1.363883673e-07
3.801581607e-07
-1.5270841e-08
5.886727402e-07
2.752496434e-08
6.556072607e-07
1.966772433e-08
5.548593496e-07
2.58076187e-07
-4.170479136e-07
-7.902742755e-07
-1.206618349e-06
-1.433338005e-06
-2.090592408e-06
-1.625101179e-06
-2.928353133e-06
-1.677250529e-06
-3.650422308e-06
-1.724576758e-06
-4.21510593e-06
-1.80505761e-06
-4.58798775e-06
-1.920648164e-06
-4.756369682e-06
-2.048724341e-06
-4.734200045e-06
-2.165686219e-06
-4.516626458e-06
-2.267689194e-06
-4.118935396e-06
-2.300384611e-06
-3.57961501e-06
-2.240192187e-06
-2.944620328e-06
-2.070000382e-06
-2.266999028e-06
-1.783291421e-06
-1.60737102e-06
-1.383929058e-06
-1.024977046e-06
-9.026889807e-07
-5.630418044e-07
-3.985207008e-07
-2.417712027e-07
6.019721157e-08
-5.739548614e-08
4.058527356e-07
1.7675431e-08
5.820643715e-07
2.033333296e-08
5.534244895e-07
2.78983554e-07
-5.229586467e-07
-2.673462206e-07
-1.46117112e-06
-4.952146677e-07
-2.488168908e-06
-5.982151334e-07
-3.463305006e-06
-7.022377907e-07
-4.321831346e-06
-8.66241005e-07
-5.021783821e-06
-1.105444657e-06
-5.532893013e-06
-1.410088836e-06
-5.826804174e-06
-1.755611666e-06
-5.884813064e-06
-2.10874745e-06
-5.711771467e-06
-2.442077455e-06
-5.317582267e-06
-2.696170863e-06
-4.731002627e-06
-2.828575177e-06
-3.99892889e-06
-2.803965152e-06
-3.175807169e-06
-2.608220706e-06
-2.332138965e-06
-2.229112241e-06
-1.550563443e-06
-1.685251956e-06
-9.021514587e-07
-1.047148367e-06
-4.304794653e-07
-4.108651395e-07
-1.437556913e-07
1.203804214e-07
-1.121550425e-08
4.510447563e-07
1.637582718e-08
5.271974694e-07
2.960523959e-07
-6.116575133e-07
3.443257894e-07
-1.673039164e-06
5.661406766e-07
-2.82234724e-06
5.510171538e-07
-3.921300952e-06
3.965875515e-07
-4.909940342e-06
1.221758345e-07
-5.746891543e-06
-2.688680809e-07
-6.397110501e-06
-7.604340183e-07
-6.829682798e-06
-1.323799352e-06
-7.015805022e-06
-1.923600001e-06
-6.945354821e-06
-2.513716339e-06
-6.612519611e-06
-3.030421757e-06
-6.030366565e-06
-3.412389358e-06
-5.24436573e-06
-3.591885631e-06
-4.307678265e-06
-3.547077893e-06
-3.287990758e-06
-3.251067316e-06
-2.285270046e-06
-2.689988398e-06
-1.404125863e-06
-1.92968115e-06
-7.262504561e-07
-1.089191112e-06
-2.874352872e-07
-3.178665295e-07
-6.524971053e-08
2.3011251e-07
6.568108308e-09
4.567541547e-07
3.034023693e-07
-6.67710671e-07
1.012089548e-06
-1.809510994e-06
1.707961364e-06
-3.042354397e-06
1.783801583e-06
-4.230263733e-06
1.584362217e-06
-5.317388122e-06
1.209084644e-06
-6.264226532e-06
6.776679399e-07
-7.036845769e-06
1.182031385e-08
-7.606910539e-06
-7.541763298e-07
-7.951190557e-06
-1.579884604e-06
-8.039673454e-06
-2.425925063e-06
-7.840642369e-06
-3.230322746e-06
-7.334699537e-06
-3.919457769e-06
-6.554837589e-06
-4.373191137e-06
-5.57059638e-06
-4.53310049e-06
-4.427364834e-06
-4.396394351e-06
-3.221693861e-06
-3.897979046e-06
-2.085969817e-06
-3.067629501e-06
-1.150215985e-06
-2.026501682e-06
-5.021209281e-07
-9.66386325e-07
-1.489841393e-07
-1.223521286e-07
-1.025198206e-08
3.191973933e-07
2.939541669e-07
-6.791272579e-07
1.691297918e-06
-1.844134452e-06
2.873019245e-06
-3.107417796e-06
3.047029572e-06
-4.332893401e-06
2.809700399e-06
-5.466720075e-06
2.342729814e-06
-6.471708797e-06
1.682457456e-06
-7.316045109e-06
8.559604512e-07
-7.973128554e-06
-9.729078589e-08
-8.423146323e-06
-1.130098673e-06
-8.659609054e-06
-2.189751522e-06
-8.656678636e-06
-3.233626268e-06
-8.376236904e-06
-4.200415969e-06
-7.743549241e-06
-5.006616503e-06
-6.798151537e-06
-5.479525881e-06
-5.630389717e-06
-5.565581242e-06
-4.296708406e-06
-5.233556805e-06
-2.933940278e-06
-4.432635442e-06
-1.71480642e-06
-3.24785569e-06
-8.020833664e-07
-1.880544245e-06
-2.659649449e-07
-6.586298223e-07
-3.547182749e-08
8.94485327e-08
2.592104667e-07
-6.426535202e-07
2.334051903e-06
-1.766150595e-06
3.996584581e-06
-3.004903322e-06
4.285725701e-06
-4.217511563e-06
4.022171842e-06
-5.350509381e-06
3.475581389e-06
-6.370067542e-06
2.701888701e-06
-7.248505406e-06
1.734301695e-06
-7.963569768e-06
6.176963019e-07
-8.495940158e-06
-5.978077405e-07
-8.827934645e-06
-1.857855522e-06
-8.954077014e-06
-3.107618031e-06
-8.868429748e-06
-4.286258852e-06
-8.515590045e-06
-5.359746974e-06
-7.791010917e-06
-6.204552492e-06
-6.716988164e-06
-6.640328682e-06
-5.379962231e-06
-6.571683262e-06
-3.882882223e-06
-5.931344018e-06
-2.409597964e-06
-4.723220024e-06
-1.19829432e-06
-3.093837163e-06
-4.235930102e-07
-1.434335737e-06
-7.122329235e-08
-2.627684899e-07
1.885361219e-07
-5.538684663e-07
2.888031899e-06
-1.575147802e-06
5.017943168e-06
-2.737570661e-06
5.448092304e-06
-3.889529322e-06
5.174002521e-06
-4.975746796e-06
4.561677818e-06
-5.965794921e-06
3.691854683e-06
-6.83766152e-06
2.606118619e-06
-7.576807132e-06
1.356811495e-06
-8.173805926e-06
-8.341138248e-10
-8.614691182e-06
-1.4169983e-06
-8.881659621e-06
-2.840691286e-06
-8.931862744e-06
-4.236120078e-06
-8.764779815e-06
-5.526937884e-06
-8.318145219e-06
-6.651375604e-06
-7.492968842e-06
-7.465811642e-06
-6.292725881e-06
-7.772421078e-06
-4.807184985e-06
-7.417738518e-06
-3.182159778e-06
-6.349617013e-06
-1.689152169e-06
-4.588674969e-06
-6.312471551e-07
-2.493743948e-06
-1.198455498e-07
-7.74591264e-07
6.899297602e-08
-4.153294452e-07
3.303475575e-06
-1.284010856e-06
5.886709284e-06
-2.316677651e-06
6.480706055e-06
-3.3587147e-06
6.215921466e-06
-4.348382534e-06
5.55123989e-06
-5.256483548e-06
4.599898562e-06
-6.066190169e-06
3.415795856e-06
-6.770841713e-06
2.061455427e-06
-7.370873642e-06
5.991982131e-07
-7.867100427e-06
-9.207664422e-07
-8.244557216e-06
-2.463226498e-06
-8.488366265e-06
-3.992310359e-06
-8.540940708e-06
-5.474380927e-06
-8.336511595e-06
-6.855853055e-06
-7.802963962e-06
-7.999455368e-06
-6.866385679e-06
-8.709213394e-06
-5.54581731e-06
-8.738680928e-06
-3.927248349e-06
-7.96886794e-06
-2.244326581e-06
-6.272771682e-06
-8.969061746e-07
-3.842603823e-06
-1.803208413e-07
-1.491968771e-06
-1.112766987e-07
-2.391692582e-07
3.542756083e-06
-9.155930986e-07
6.563220202e-06
-1.769300642e-06
7.334363965e-06
-2.660155396e-06
7.10665594e-06
-3.516674616e-06
6.40766266e-06
-4.30912863e-06
5.392303221e-06
-5.024365047e-06
4.131017606e-06
-5.661095944e-06
2.698197249e-06
-6.226259833e-06
1.164388626e-06
-6.728569877e-06
-4.184301056e-07
-7.17137949e-06
-2.020378457e-06
-7.538206433e-06
-3.625439682e-06
-7.78764795e-06
-5.224902546e-06
-7.853549177e-06
-6.789929659e-06
-7.628284185e-06
-8.224724608e-06
-7.006840347e-06
-9.330715125e-06
-5.964062576e-06
-9.781596874e-06
-4.511513593e-06
-9.421710653e-06
-2.790079852e-06
-7.994773104e-06
-1.210943714e-06
-5.422691571e-06
-2.56220552e-07
-2.447531739e-06
-3.676252829e-07
-5.345605593e-08
3.596316959e-06
-4.882106105e-07
6.998060446e-06
-1.12819437e-06
7.97429904e-06
-1.842801211e-06
7.821141363e-06
-2.550088933e-06
7.114866885e-06
-3.217092741e-06
6.05926518e-06
-3.832882721e-06
4.746800142e-06
-4.397405881e-06
3.26273881e-06
-4.917948505e-06
1.684961385e-06
-5.40480201e-06
6.845116512e-08
-5.866254154e-06
-1.558896822e-06
-6.299725857e-06
-3.191933693e-06
-6.684612599e-06
-4.839976053e-06
-6.967349489e-06
-6.507151031e-06
-7.039000076e-06
-8.153030138e-06
-6.736535974e-06
-9.633147872e-06
-6.006290876e-06
-1.051186157e-05
-4.830343039e-06
-1.059776464e-05
-3.2310993e-06
-9.594255033e-06
-1.536840167e-06
-7.117415361e-06
-3.495553515e-07
-3.635430874e-06
-7.173810558e-07
1.157036e-07
3.480708977e-06
-3.746684374e-08
7.151312768e-06
-4.410783618e-07
8.377871031e-06
-9.585893096e-07
8.338542507e-06
-1.508932986e-06
7.665133017e-06
-2.053971667e-06
6.604268839e-06
-2.578893807e-06
5.271715777e-06
-3.0811708e-06
3.765034431e-06
-3.563666034e-06
2.167485025e-06
-4.032264471e-06
5.37074582e-07
-4.494025677e-06
-1.0971149e-06
-4.954104335e-06
-2.731833522e-06
-5.409482139e-06
-4.384575073e-06
-5.831936271e-06
-6.084671952e-06
-6.136522446e-06
-7.848414271e-06
-6.156678832e-06
-9.612953881e-06
-5.710553001e-06
-1.095794894e-05
-4.849691243e-06
-1.145862702e-05
-3.488245981e-06
-1.095578883e-05
-1.823606434e-06
-8.782254075e-06
-4.594884342e-07
-4.999881899e-06
-1.177054949e-06
2.777684477e-07
3.203024719e-06
4.054660809e-07
7.023694881e-06
2.616693016e-07
8.521647604e-06
-4.203325478e-08
8.642148602e-06
-4.399275843e-07
8.062945457e-06
-8.680986925e-07
7.032401571e-06
-1.314019426e-06
5.717626972e-06
-1.769482641e-06
4.220512274e-06
-2.229266024e-06
2.627293429e-06
-2.690616317e-06
9.984489048e-07
-3.153908156e-06
-6.338023156e-07
-3.623675253e-06
-2.262045195e-06
-4.106637812e-06
-3.901592079e-06
-4.598774292e-06
-5.592511841e-06
-5.053824653e-06
-7.393338967e-06
-5.345938958e-06
-9.320816481e-06
-5.178273303e-06
-1.112558787e-05
-4.597538726e-06
-1.203933695e-05
-3.535922123e-06
-1.20174023e-05
-2.020556522e-06
-1.029769924e-05
-5.738125474e-07
-6.446780541e-06
-1.751003265e-06
4.129387979e-07
2.790157651e-06
8.146795115e-07
6.6220326e-06
9.428571412e-07
8.393463384e-06
8.675777993e-07
8.717342057e-06
6.380554908e-07
8.292383504e-06
3.156380839e-07
7.354774017e-06
-6.039418229e-08
6.093643717e-06
-4.811174843e-07
4.641242314e-06
-9.330087829e-07
3.079201488e-06
-1.402752852e-06
1.468212744e-06
-1.880967682e-06
-1.555691155e-07
-2.365556639e-06
-1.777438699e-06
-2.863520516e-06
-3.403608354e-06
-3.384728258e-06
-5.07128099e-06
-3.918663976e-06
-6.859374414e-06
-4.387215133e-06
-8.852236478e-06
-4.520216022e-06
-1.099256468e-05
-4.13837357e-06
-1.242116587e-05
-3.380812269e-06
-1.277495487e-05
-2.096360537e-06
-1.158215522e-05
-6.749890481e-07
-7.868227357e-06
-2.42608417e-06
4.955794228e-07
2.294638806e-06
1.157589437e-06
5.960095345e-06
1.577695239e-06
7.973361605e-06
1.728998302e-06
8.565974219e-06
1.697643358e-06
8.323656639e-06
1.487816519e-06
7.564547128e-06
1.178129436e-06
6.403304814e-06
7.854932921e-07
5.033875808e-06
3.31665494e-07
3.53304227e-06
-1.595311602e-07
1.959426149e-06
-6.676458335e-07
3.525615796e-07
-1.181053909e-06
-1.26401569e-06
-1.701671375e-06
-2.882973925e-06
-2.244605173e-06
-4.528325904e-06
-2.818570468e-06
-6.285380563e-06
-3.370934348e-06
-8.299839582e-06
-3.736019779e-06
-1.062745403e-05
-3.569184208e-06
-1.258798498e-05
-3.056007625e-06
-1.328813071e-05
-2.047218646e-06
-1.259094763e-05
-7.488966406e-07
-9.166580147e-06
-3.175046328e-06
5.26360669e-07
1.768332448e-06
1.404024288e-06
5.082501544e-06
2.118480037e-06
7.258922009e-06
2.526455862e-06
8.157952705e-06
2.699459585e-06
8.150580696e-06
2.639661529e-06
7.624283753e-06
2.402381778e-06
6.640545511e-06
2.036673059e-06
5.399569553e-06
1.575218282e-06
3.994500327e-06
1.05263736e-06
2.482017606e-06
5.011017912e-07
9.04109606e-07
-5.712554522e-08
-7.057764104e-07
-6.157572403e-07
-2.324329348e-06
-1.187940261e-06
-3.956123625e-06
-1.792638872e-06
-5.680653984e-06
-2.402181323e-06
-7.690261289e-06
-2.895361759e-06
-1.013424305e-05
-2.930883293e-06
-1.255245121e-05
-2.591604572e-06
-1.362741043e-05
-1.872062763e-06
-1.33105016e-05
-7.791434919e-07
-1.02595262e-05
-3.954243367e-06
5.107051956e-07
1.257682229e-06
1.533413212e-06
4.05986746e-06
2.52036599e-06
6.272007324e-06
3.221808794e-06
7.456481336e-06
3.612112813e-06
7.760219297e-06
3.737767436e-06
7.4985661e-06
3.599553451e-06
6.778712982e-06
3.269990482e-06
5.729104662e-06
2.799017727e-06
4.465460893e-06
2.237274389e-06
3.043762393e-06
1.631078805e-06
1.510311221e-06
1.013833176e-06
-8.85233994e-08
4.014543905e-07
-1.711941163e-06
-2.124347355e-07
-3.342218304e-06
-8.496038645e-07
-5.04345789e-06
-1.492433061e-06
-7.047393088e-06
-2.02476051e-06
-9.601877714e-06
-2.23168068e-06
-1.23455236e-05
-2.048366169e-06
-1.381073157e-05
-1.586090099e-06
-1.377278975e-05
-7.508224251e-07
-1.109482157e-05
-4.705117054e-06
4.611785892e-07
7.965620523e-07
1.539175818e-06
2.981960343e-06
2.748522744e-06
5.062742154e-06
3.747184332e-06
6.457832871e-06
4.407499888e-06
7.099861707e-06
4.735851875e-06
7.170150598e-06
4.741937419e-06
6.772569626e-06
4.462834054e-06
6.008167383e-06
3.984773508e-06
4.943497705e-06
3.379406475e-06
3.649117784e-06
2.711041944e-06
2.178673358e-06
2.024685744e-06
5.978339864e-07
1.346257416e-06
-1.033508869e-06
6.777866434e-07
-2.673735399e-06
-1.005388469e-09
-4.364640415e-06
-6.682616686e-07
-6.380095423e-06
-1.183495664e-06
-9.086600463e-06
-1.451494916e-06
-1.20775126e-05
-1.39841942e-06
-1.38638093e-05
-1.189792311e-06
-1.398142334e-05
-6.49765849e-07
-1.163487283e-05
-5.354935915e-06
4.022184228e-07
3.943936464e-07
1.446625751e-06
1.937671576e-06
2.787557796e-06
3.721931706e-06
4.058252768e-06
5.187223712e-06
5.025052635e-06
6.133084647e-06
5.589316872e-06
6.60585791e-06
5.762275617e-06
6.599552829e-06
5.586574282e-06
6.183812354e-06
5.095692416e-06
5.434338551e-06
4.441220475e-06
4.303565446e-06
3.707829469e-06
2.912051262e-06
2.948444204e-06
1.357212433e-06
2.198998522e-06
-2.840651302e-07
1.471012065e-06
-1.945739834e-06
7.507952189e-07
-3.644398241e-06
7.900437473e-08
-5.708260855e-06
-3.79934172e-07
-8.62761092e-06
-6.157607331e-07
-1.184166042e-05
-6.72297336e-07
-1.38072728e-05
-6.801939615e-07
-1.397353266e-05
-4.519190702e-07
-1.186316963e-05
-5.806908178e-06
3.791397796e-07
1.525153515e-08
1.322042535e-06
9.948623816e-07
2.682518046e-06
2.36160562e-06
4.149398073e-06
3.720492578e-06
5.415579346e-06
4.867006127e-06
6.246382324e-06
5.77511006e-06
6.586102729e-06
6.259842751e-06
6.529039039e-06
6.240851257e-06
6.09524824e-06
5.868088949e-06
5.38799003e-06
5.010787808e-06
4.584864362e-06
3.71515413e-06
3.747463467e-06
2.194599946e-06
2.925470707e-06
5.379204686e-07
2.138999529e-06
-1.159261839e-06
1.385938212e-06
-2.89130951e-06
7.52228061e-07
-5.07450283e-06
4.273095366e-07
-8.302635003e-06
2.997889767e-07
-1.171411835e-05
1.504011168e-07
-1.3657896e-05
-7.698916857e-08
-1.374615181e-05
-1.859081123e-07
-1.175427191e-05
-5.99286719e-06
4.487059429e-07
-4.335955018e-07
1.231080818e-06
2.124270625e-07
2.5717339e-06
1.020970605e-06
4.158698591e-06
2.133612586e-06
5.675226427e-06
3.350625145e-06
6.683347676e-06
4.767114845e-06
7.190170597e-06
5.753090239e-06
7.158460154e-06
6.272592784e-06
6.806094218e-06
6.220458791e-06
6.112411535e-06
5.704453726e-06
5.251122038e-06
4.57642232e-06
4.349083494e-06
3.096623756e-06
3.468082344e-06
1.418915921e-06
2.63632734e-06
-3.274990834e-07
1.876443751e-06
-2.131394862e-06
1.372146493e-06
-4.570150634e-06
1.296051322e-06
-8.226481888e-06
1.320487826e-06
-1.173854155e-05
1.097914941e-06
-1.343534217e-05
6.637999498e-07
-1.331205248e-05
1.357418511e-07
-1.122623491e-05
-5.857172297e-06
7.095609219e-07
-1.143506302e-06
1.180457319e-06
-2.587903185e-07
2.52953406e-06
-3.283912117e-07
4.181586319e-06
4.813174112e-07
5.959415867e-06
1.572607283e-06
7.014682118e-06
3.711778636e-06
7.659998246e-06
5.107827629e-06
7.661299198e-06
6.27134334e-06
7.265396777e-06
6.61638316e-06
6.581294646e-06
6.388562779e-06
5.663295135e-06
5.49441786e-06
4.697811033e-06
4.06209988e-06
3.767460022e-06
2.349265068e-06
2.907413173e-06
5.32561539e-07
2.196876857e-06
-1.42082219e-06
1.995837437e-06
-4.369047739e-06
2.30299199e-06
-8.533581633e-06
2.491938411e-06
-1.192747267e-05
2.198958504e-06
-1.314238165e-05
1.538804733e-06
-1.265191413e-05
5.530083401e-07
-1.024045676e-05
-5.304206931e-06
1.022036296e-06
-2.165947181e-06
1.658656076e-06
-8.959481189e-07
2.728340225e-06
-1.398487308e-06
4.000013116e-06
-7.908263522e-07
5.47562536e-06
9.647598818e-08
6.858802942e-06
2.328140624e-06
7.470977533e-06
4.495333045e-06
7.554374755e-06
6.187739433e-06
7.139733292e-06
7.030932611e-06
6.514420201e-06
7.013860133e-06
5.649779056e-06
6.359051147e-06
4.682122562e-06
5.029752883e-06
3.735323935e-06
3.296066623e-06
2.876788993e-06
1.391116454e-06
2.383351063e-06
-9.273414248e-07
2.786154427e-06
-4.771777699e-06
3.555131833e-06
-9.302509246e-06
3.820178806e-06
-1.219251066e-05
3.405655004e-06
-1.272788334e-05
2.428856349e-06
-1.167513423e-05
9.574867619e-07
-8.769101029e-06
-4.346759866e-06
-5.401025571e-07
-1.626156998e-06
6.986032733e-07
-2.134805356e-06
1.82754002e-06
-2.527302991e-06
3.138158067e-06
-2.101388915e-06
4.357012635e-06
-1.122507863e-06
5.761960934e-06
9.228607532e-07
6.862764583e-06
3.393951105e-06
7.133649529e-06
5.916410914e-06
6.574903029e-06
7.589450113e-06
5.77880054e-06
7.809846474e-06
4.905267199e-06
7.232522398e-06
4.069333217e-06
5.865669586e-06
3.215668045e-06
4.149734691e-06
2.495823537e-06
2.110985044e-06
2.65378654e-06
-1.085254086e-06
3.995955726e-06
-6.113870329e-06
5.148692815e-06
-1.045520456e-05
5.264234961e-06
-1.230805329e-05
4.638776096e-06
-1.210245768e-05
3.150598996e-06
-1.018697882e-05
1.239013128e-06
-6.857525839e-06
-3.10778233e-06
-2.085534081e-07
-1.417442098e-06
1.07720901e-06
-3.420006103e-06
3.659177978e-06
-5.108769904e-06
5.360505673e-06
-3.802151664e-06
6.190257849e-06
-1.951744508e-06
6.58522224e-06
5.283833627e-07
6.88097138e-06
3.098189827e-06
7.497377326e-06
5.299600114e-06
6.999408489e-06
8.08701955e-06
5.553819736e-06
9.25517537e-06
4.114600377e-06
8.671599023e-06
3.013885367e-06
6.966289806e-06
2.243364341e-06
4.920246804e-06
1.944390563e-06
2.409981784e-06
3.540779103e-06
-2.681575413e-06
5.887925844e-06
-8.460955421e-06
7.014077001e-06
-1.158132692e-05
6.794042798e-06
-1.208803503e-05
5.559782834e-06
-1.086824132e-05
3.397448606e-06
-8.024666265e-06
1.288292725e-06
-4.748378059e-06
-1.819521924e-06
8.098188842e-07
-2.226898695e-06
3.776906642e-06
-6.386785794e-06
6.178561496e-06
-7.510188666e-06
7.915233907e-06
-5.538581802e-06
8.501931266e-06
-2.538080189e-06
8.592044439e-06
4.387031263e-07
8.702192489e-06
2.988545712e-06
8.250092933e-06
5.751585647e-06
8.055084313e-06
8.281719623e-06
6.981511746e-06
1.032845521e-05
4.862863937e-06
1.079001742e-05
3.00332361e-06
8.825707434e-06
2.092206413e-06
5.831326175e-06
2.499396358e-06
2.002811705e-06
5.994274369e-06
-6.176359792e-06
8.558079308e-06
-1.10247171e-05
8.926210478e-06
-1.194943866e-05
7.822444312e-06
-1.098430682e-05
5.509791351e-06
-8.5556385e-06
2.928840985e-06
-5.443730272e-06
1.038455201e-06
-2.857998133e-06
-7.810988763e-07
2.424833382e-06
-4.651464037e-06
6.243494327e-06
-1.020528844e-05
8.404430724e-06
-9.67100848e-06
9.579588598e-06
-6.713554625e-06
1.054951545e-05
-3.507830357e-06
1.036466794e-05
6.238381955e-07
9.826219158e-06
3.527525744e-06
9.475027394e-06
6.103193605e-06
8.96974522e-06
8.78683597e-06
8.175499485e-06
1.112245154e-05
6.89050562e-06
1.207481219e-05
4.590945325e-06
1.112514943e-05
3.288792767e-06
7.133448339e-06
5.518011567e-06
-2.263180927e-07
1.006899339e-05
-1.072725858e-05
1.142973088e-05
-1.238541089e-05
1.020776272e-05
-1.072746712e-05
7.468487987e-06
-8.245098148e-06
4.131689916e-06
-5.218892611e-06
1.836198992e-06
-3.148256736e-06
6.194566241e-07
-1.641267235e-06
-1.61681737e-07
4.268787571e-06
-8.919922124e-06
7.303288714e-06
-1.323981374e-05
9.399550335e-06
-1.17672822e-05
9.97350957e-06
-7.287384328e-06
9.797430877e-06
-3.331732217e-06
1.059659898e-05
-1.75246838e-07
1.013469685e-05
3.989668735e-06
9.475107019e-06
6.763220195e-06
9.034942378e-06
9.227146816e-06
8.679742033e-06
1.147753151e-05
8.019751169e-06
1.273462455e-05
6.838894e-06
1.23059112e-05
5.87154116e-06
8.100823995e-06
1.116855904e-05
-5.523130139e-06
1.415318417e-05
-1.371186902e-05
1.30402011e-05
-1.127240025e-05
9.226640594e-06
-6.913952615e-06
4.967082707e-06
-3.985629126e-06
1.820871303e-06
-2.072745988e-06
7.048474424e-07
-2.032241586e-06
2.613360338e-07
-1.197777178e-06
9.960274906e-08
4.507747036e-06
-1.342752618e-05
7.275262868e-06
-1.600751508e-05
8.213744361e-06
-1.270583946e-05
7.931815861e-06
-7.005427774e-06
8.109888949e-06
-3.509835136e-06
7.767177461e-06
1.674456232e-07
8.294047902e-06
3.462871397e-06
8.644649452e-06
6.412880598e-06
8.543865595e-06
9.328205422e-06
8.345821805e-06
1.167554824e-05
8.327365821e-06
1.275297828e-05
8.334665585e-06
1.229851394e-05
9.599042101e-06
6.83655389e-06
1.584505752e-05
-1.176889593e-05
1.669994891e-05
-1.45668443e-05
1.087307345e-05
-5.445495081e-06
5.458169777e-06
-1.499185066e-06
2.316548195e-06
-8.441350649e-07
1.00598712e-07
1.431565095e-07
1.572477727e-07
-2.088883999e-06
4.114154363e-07
-1.451969705e-06
5.109463957e-07
3.982922197e-06
-1.741045036e-05
5.70378302e-06
-1.772838395e-05
5.570384875e-06
-1.257247177e-05
5.198619232e-06
-6.633649198e-06
5.032609049e-06
-3.343833741e-06
5.778491299e-06
-5.784408405e-07
6.479171331e-06
2.762191329e-06
6.926935412e-06
5.965151725e-06
7.707832876e-06
8.547532175e-06
8.203520498e-06
1.11799887e-05
8.330470023e-06
1.262596502e-05
9.479442877e-06
1.114946258e-05
1.215296949e-05
4.163417012e-06
1.483470863e-05
-1.445062461e-05
1.0406584e-05
-1.013903233e-05
6.079708465e-06
-1.118896543e-06
4.28967652e-06
2.906467967e-07
3.253651247e-06
1.917171228e-07
1.357438085e-06
2.039193997e-06
1.006957798e-06
-1.738362841e-06
6.602709396e-07
-1.105278963e-06
1.17109321e-06
3.760375687e-06
-2.117075141e-05
4.5861691e-06
-1.855410221e-05
3.492590456e-06
-1.147882678e-05
3.499675515e-06
-6.640727043e-06
3.737843783e-06
-3.58200266e-06
4.121515038e-06
-9.621132096e-07
5.14185203e-06
1.741853877e-06
5.925811796e-06
5.181183688e-06
6.714704025e-06
7.75859919e-06
7.693635975e-06
1.020114002e-05
8.818120871e-06
1.150153121e-05
1.031828046e-05
9.649313773e-06
1.294738092e-05
1.535113456e-06
1.015131753e-05
-1.165502928e-05
3.79640273e-06
-3.784315538e-06
3.450087886e-06
-7.726428215e-07
2.767914574e-06
9.728115598e-07
1.837765403e-06
1.12185981e-06
2.924308174e-06
9.525176084e-07
1.494957826e-06
-3.089826968e-07
-2.295992142e-07
6.192917363e-07
9.414048816e-07
2.704164106e-06
-2.387472364e-05
3.079059425e-06
-1.892883772e-05
2.539200032e-06
-1.093890529e-05
2.548854869e-06
-6.650378488e-06
2.92319989e-06
-3.956348005e-06
3.425933918e-06
-1.464848094e-06
4.168283968e-06
9.995029668e-07
5.444456582e-06
3.90501136e-06
6.046590089e-06
7.156448436e-06
7.040347754e-06
9.207276548e-06
8.374021787e-06
1.016779996e-05
9.171152604e-06
8.852327832e-06
1.084856379e-05
-1.419369448e-07
3.408462367e-06
-4.215155654e-06
6.529340671e-07
-1.028836499e-06
4.062233567e-07
-5.2593215e-07
1.064354751e-06
3.146800179e-07
1.406984677e-06
7.792298458e-07
1.397739536e-06
9.617627487e-07
4.730010093e-07
6.157557956e-07
-1.63217632e-08
1.108614452e-06
9.250830731e-07
2.119315949e-06
-2.599376671e-05
2.070361001e-06
-1.887967127e-05
1.756714591e-06
-1.062522108e-05
2.009794235e-06
-6.903455882e-06
2.408150238e-06
-4.35470412e-06
2.93823542e-06
-1.994933575e-06
3.546271516e-06
3.914663002e-07
4.621899297e-06
2.829383364e-06
5.853725301e-06
5.92462118e-06
6.268418259e-06
8.79254077e-06
7.151528378e-06
9.284567403e-06
7.988316506e-06
8.015671888e-06
5.439860566e-06
2.40627704e-06
1.672527006e-06
-4.479360514e-07
2.706047083e-07
3.730855708e-07
-8.272645714e-08
-1.726010156e-07
1.332762313e-07
9.867719888e-08
3.413819256e-07
5.711240385e-07
3.760727801e-07
9.270718036e-07
-3.341996647e-08
1.025248435e-06
-1.362235513e-07
1.211417977e-06
7.888594719e-07
1.716930705e-06
-2.771021136e-05
1.361881698e-06
-1.852440283e-05
1.285334725e-06
-1.054864935e-05
1.558263131e-06
-7.176383302e-06
2.003383776e-06
-4.799824968e-06
2.531547995e-06
-2.523098053e-06
3.102540168e-06
-1.795263241e-07
3.822512524e-06
2.109410721e-06
5.049060159e-06
4.698073082e-06
5.955564748e-06
7.886035268e-06
5.649030263e-06
9.591025943e-06
6.149376224e-06
7.515245518e-06
4.534651703e-06
4.02079627e-06
1.316031141e-06
2.770681541e-06
3.239431376e-07
1.365173533e-06
-2.823901516e-07
4.337321739e-07
-3.575364054e-07
1.738232906e-07
-2.597119606e-07
4.732994754e-07
-2.117891842e-07
8.791489363e-07
-2.699600218e-07
1.083419182e-06
-1.815987667e-07
1.123056656e-06
6.0726066e-07
1.488032144e-06
-2.919757634e-05
9.794535333e-07
-1.801559533e-05
9.50298094e-07
-1.051947813e-05
1.221295977e-06
-7.447380914e-06
1.652180836e-06
-5.230710021e-06
2.141035692e-06
-3.011953118e-06
2.67178154e-06
-7.102724665e-07
3.238029982e-06
1.543162061e-06
4.195735137e-06
3.740367774e-06
5.619771469e-06
6.4619973e-06
5.68550781e-06
9.525290213e-06
5.245476914e-06
7.955143762e-06
2.710453134e-06
6.555801865e-06
8.61937649e-07
4.619197385e-06
1.066923706e-07
2.120418779e-06
-2.772233546e-07
8.176478021e-07
-4.486784312e-07
3.452781932e-07
-4.665395921e-07
4.911605185e-07
-4.112786959e-07
8.23887938e-07
-3.323313367e-07
1.00447173e-06
-1.687939772e-07
9.595192351e-07
4.384666215e-07
1.08601455e-06
-3.02827985e-05
6.542434318e-07
-1.758360545e-05
6.256973284e-07
-1.049092175e-05
8.812849249e-07
-7.702968515e-06
1.273630915e-06
-5.623056161e-06
1.703372456e-06
-3.441694785e-06
2.161888888e-06
-1.168789063e-06
2.648412002e-06
1.056638773e-06
3.319507473e-06
3.069272224e-06
4.443364205e-06
5.338139794e-06
5.66398218e-06
8.304673216e-06
4.689462043e-06
8.929660308e-06
3.021948598e-06
8.223315992e-06
1.762535959e-06
5.878609827e-06
6.341539626e-07
3.248800653e-06
1.096229382e-08
1.440839347e-06
-3.176938734e-07
6.739342018e-07
-4.419295913e-07
6.15396111e-07
-4.174151671e-07
7.993734111e-07
-3.088357639e-07
8.958922419e-07
-1.259062059e-07
7.765896188e-07
3.125603825e-07
8.765642834e-07
-3.115846006e-05
4.340896466e-07
-1.7140938e-05
3.503909636e-07
-1.040721778e-05
5.25611671e-07
-7.878189325e-06
8.375929532e-07
-5.93503762e-06
1.181895101e-06
-3.785997037e-06
1.537632863e-06
-1.524526901e-06
1.921626817e-06
6.726447077e-07
2.343119235e-06
2.647779762e-06
2.983291964e-06
4.69796679e-06
3.553777187e-06
7.734188017e-06
3.482034833e-06
9.001402958e-06
2.965729701e-06
8.739621135e-06
2.008042554e-06
6.83629693e-06
1.062688127e-06
4.194154969e-06
3.401205557e-07
2.163406773e-06
-1.204547453e-07
1.134509345e-06
-3.343221092e-07
8.292633527e-07
-3.488398404e-07
8.138910454e-07
-2.458854455e-07
7.92937775e-07
-8.855623711e-08
6.192603657e-07
2.240041288e-07
6.55778435e-07
-3.181329711e-05
1.681978033e-07
-1.665319843e-05
5.223106982e-08
-1.02912481e-05
1.283713705e-07
-7.954329783e-06
3.27076412e-07
-6.1337428e-06
5.601247762e-07
-4.019045481e-06
7.988215039e-07
-1.763223664e-06
1.050939916e-06
4.205262795e-07
1.271423945e-06
2.427295733e-06
1.494464012e-06
4.474926644e-06
1.905634896e-06
7.323016924e-06
2.174760492e-06
8.732277738e-06
2.269405706e-06
8.644975901e-06
1.747807798e-06
7.357894762e-06
1.072097905e-06
4.869864715e-06
4.415339795e-07
2.793970531e-06
-1.081951543e-08
1.586862693e-06
-2.353624767e-07
1.053806194e-06
-2.681377073e-07
8.466661913e-07
-1.829761974e-07
7.077762197e-07
-5.985901155e-08
4.961431703e-07
1.641451237e-07
5.351355438e-07
-3.234727611e-05
-1.72767234e-08
-1.61006434e-05
-2.717014331e-07
-1.00368217e-05
-3.272550747e-07
-7.898776322e-06
-2.622991505e-07
-6.198698925e-06
-1.570939658e-07
-4.124250722e-06
-3.951977383e-08
-1.880797843e-06
7.977379827e-08
3.012327402e-07
1.53239005e-07
2.353830537e-06
1.788022838e-07
4.449363227e-06
4.690016317e-07
7.032817122e-06
8.347600685e-07
8.366518891e-06
1.051019082e-06
8.4287167e-06
9.959853137e-07
7.4129284e-06
6.80868032e-07
5.184981574e-06
2.769026705e-07
3.197935691e-06
-4.386901802e-08
1.907634242e-06
-2.04635222e-07
1.214572296e-06
-2.181760786e-07
8.602069899e-07
-1.402661257e-07
6.298662539e-07
-4.190835597e-08
3.977854253e-07
1.222367918e-07
3.002307133e-07
-3.264620798e-05
-2.919866249e-07
-1.550829548e-05
-6.383420588e-07
-9.69046521e-06
-8.373976107e-07
-7.699720708e-06
-9.242148957e-07
-6.111881805e-06
-9.601678686e-07
-4.088297711e-06
-9.697183329e-07
-1.871247305e-06
-9.754623015e-07
3.069767623e-07
-1.016270812e-06
2.394639147e-06
-1.083064128e-06
4.516156639e-06
-8.795753715e-07
6.829328467e-06
-4.987120398e-07
7.985655498e-06
-2.040962473e-07
8.134100379e-06
5.07326896e-08
7.15809854e-06
7.585037824e-08
5.159863535e-06
-4.962217374e-08
3.323408185e-06
-1.781409284e-07
2.036152861e-06
-2.31992175e-07
1.268423465e-06
-2.027235971e-07
8.309383909e-07
-1.18915777e-07
5.460584663e-07
-3.326481608e-08
3.121345441e-07
8.897203403e-08
8.024078826e-08
-3.272508468e-05
-4.669941413e-07
-1.496095234e-05
-9.712932326e-07
-9.186165493e-06
-1.360771532e-06
-7.310242188e-06
-1.631373355e-06
-5.841280187e-06
-1.829743985e-06
-3.889927006e-06
-1.982745046e-06
-1.71824613e-06
-2.118735258e-06
4.429670166e-07
-2.264418556e-06
2.540322489e-06
-2.387877016e-06
4.639615114e-06
-2.189768567e-06
6.631220128e-06
-1.772772304e-06
7.568659593e-06
-1.335309551e-06
7.696637726e-06
-8.463428764e-07
6.669131017e-06
-5.383388652e-07
4.851860012e-06
-3.969125966e-07
3.181981995e-06
-3.347499517e-07
1.973990083e-06
-2.807387967e-07
1.21441227e-06
-2.030967083e-07
7.532963218e-07
-1.094793996e-07
4.524412362e-07
-2.982575643e-08
2.32481056e-07
5.914635318e-08
6.675427823e-09
-3.273028242e-05
-5.912274851e-07
-1.436295274e-05
-1.272453979e-06
-8.504938488e-06
-1.869651383e-06
-6.713044375e-06
-2.338538163e-06
-5.372393573e-06
-2.712730347e-06
-3.515734732e-06
-3.020083721e-06
-1.410892707e-06
-3.284299896e-06
7.071832619e-07
-3.504183668e-06
2.760206488e-06
-3.60116172e-06
4.736593404e-06
-3.331622097e-06
6.361680664e-06
-2.845861044e-06
7.082898497e-06
-2.223102284e-06
7.073878097e-06
-1.529837646e-06
5.975866763e-06
-1.001103352e-06
4.323126131e-06
-6.598996536e-07
2.840778174e-06
-4.56227414e-07
1.770317741e-06
-3.194837608e-07
1.077668614e-06
-2.045525844e-07
6.383652219e-07
-1.035256366e-07
3.514144656e-07
-2.814838849e-08
1.571040677e-07
3.099804458e-08
-1.605892783e-07
-3.256810994e-05
-7.860995947e-07
-1.373739963e-05
-1.554899676e-06
-7.736138459e-06
-2.315143129e-06
-5.952800405e-06
-2.966291233e-06
-4.721245599e-06
-3.50164743e-06
-2.980378335e-06
-3.939565855e-06
-9.729743719e-07
-4.289260936e-06
1.056878437e-06
-4.514610175e-06
2.985555836e-06
-4.508011322e-06
4.729994584e-06
-4.136696105e-06
5.990365394e-06
-3.55263137e-06
6.498833632e-06
-2.763139225e-06
6.284386084e-06
-1.916053537e-06
5.128781389e-06
-1.246141971e-06
3.653214818e-06
-7.964935426e-07
2.391129604e-06
-5.165281261e-07
1.49035229e-06
-3.323092929e-07
8.934498417e-07
-1.981444839e-07
5.042005812e-07
-9.581143938e-08
2.490817089e-07
-2.618910046e-08
8.748198724e-08
4.808978185e-09
-2.772614925e-07
-3.228914382e-05
-8.247696015e-07
-1.318992943e-05
-1.685104926e-06
-6.875803691e-06
-2.610365539e-06
-5.02753904e-06
-3.422705549e-06
-3.908905772e-06
-4.082026163e-06
-2.321057475e-06
-4.597538958e-06
-4.574617724e-07
-4.958304919e-06
1.41764454e-06
-5.134863528e-06
3.162114543e-06
-4.994875587e-06
4.590006663e-06
-4.528466507e-06
5.523956244e-06
-3.827517204e-06
5.797883875e-06
-2.913823875e-06
5.370692542e-06
-1.997837902e-06
4.212795574e-06
-1.289793008e-06
2.945169848e-06
-8.16867817e-07
1.918204311e-06
-5.158784005e-07
1.189362901e-06
-3.181699022e-07
6.957415011e-07
-1.810508852e-07
3.670818663e-07
-8.438406837e-08
1.524152227e-07
-2.312201103e-08
2.622009563e-08
-1.831297283e-08
-3.221217105e-07
-3.196616194e-05
-8.109511461e-07
-1.270104301e-05
-1.702108944e-06
-5.98464593e-06
-2.726171274e-06
-4.003475682e-06
-3.648578352e-06
-2.986498874e-06
-4.379106799e-06
-1.590529132e-06
-4.90873392e-06
7.216530989e-08
-5.218124443e-06
1.72703522e-06
-5.278009265e-06
3.221999464e-06
-5.049516133e-06
4.361513541e-06
-4.496431561e-06
4.970871324e-06
-3.696267306e-06
4.997719577e-06
-2.737932199e-06
4.412357381e-06
-1.853226326e-06
3.328089651e-06
-1.195281069e-06
2.287224497e-06
-7.57118819e-07
1.48004204e-06
-4.722510906e-07
9.044953194e-07
-2.834946127e-07
5.069853249e-07
-1.554343047e-07
2.390219248e-07
-6.991780675e-08
6.689885553e-08
-1.890730097e-08
-2.479021915e-08
-3.7220148e-08
-3.708070497e-07
-3.159509148e-05
-7.341024074e-07
-1.233762127e-05
-1.600206187e-06
-5.118541968e-06
-2.650411722e-06
-2.953269445e-06
-3.625730039e-06
-2.011180077e-06
-4.379540929e-06
-8.367185839e-07
-4.888082182e-06
5.807065221e-07
-5.143869497e-06
1.982822674e-06
-5.104837048e-06
3.182967098e-06
-4.761645275e-06
4.018321759e-06
-4.11774416e-06
4.326969843e-06
-3.277586103e-06
4.157561596e-06
-2.364092515e-06
3.498863647e-06
-1.588950494e-06
2.552947525e-06
-1.030441064e-06
1.728715014e-06
-6.550851969e-07
1.104686311e-06
-4.052992874e-07
6.54709724e-07
-2.377584557e-07
3.394448624e-07
-1.256461842e-07
1.269097258e-07
-5.418971692e-08
-4.557450709e-09
-1.404011997e-08
-6.49395086e-08
-5.126007467e-08
-3.09321505e-07
-3.128440362e-05
-6.193944298e-07
-1.2027499e-05
-1.388919377e-06
-4.349018234e-06
-2.405260557e-06
-1.936928064e-06
-3.396801095e-06
-1.01963849e-06
-4.150555056e-06
-8.296489601e-08
-4.623143121e-06
1.053294438e-06
-4.799826341e-06
2.159506005e-06
-4.654721933e-06
3.037862746e-06
-4.200272678e-06
3.563872212e-06
-3.529994295e-06
3.656691486e-06
-2.722946156e-06
3.350513375e-06
-1.925493837e-06
2.701411245e-06
-1.294841578e-06
1.9222952e-06
-8.471788373e-07
1.281052417e-06
-5.405900072e-07
7.980978188e-07
-3.316886203e-07
4.458086653e-07
-1.900007848e-07
1.977569946e-07
-9.635265377e-08
3.326168553e-08
-3.919975507e-08
-6.171004612e-08
-9.305654173e-09
-9.483321603e-08
-6.056550814e-08
-2.834800251e-07
-3.099838275e-05
-4.741458125e-07
-1.183671972e-05
-1.095916637e-06
-3.727248395e-06
-2.008794854e-06
-1.024049684e-06
-2.959806745e-06
-6.862586642e-08
-3.680925532e-06
6.38153952e-07
-4.096340891e-06
1.468709675e-06
-4.188905049e-06
2.252070255e-06
-3.982364147e-06
2.831321886e-06
-3.513227369e-06
3.094735096e-06
-2.874811899e-06
3.01827609e-06
-2.16416505e-06
2.639866479e-06
-1.516331388e-06
2.053577545e-06
-1.02652893e-06
1.432492932e-06
-6.780117268e-07
9.325356118e-07
-4.336953174e-07
5.537816093e-07
-2.636300586e-07
2.757432518e-07
-1.472861838e-07
8.141313945e-08
-7.131966294e-08
-4.270456217e-08
-2.668324474e-08
-1.063460517e-07
-5.370418616e-09
-1.161455895e-07
-6.593567515e-08
-2.387139554e-07
-3.075604036e-05
-3.305366297e-07
-1.174474718e-05
-7.752375366e-07
-3.282548818e-06
-1.547189172e-06
-2.520978695e-07
-2.400357863e-06
7.84543348e-07
-3.061528191e-06
1.299324481e-06
-3.427327386e-06
1.83450893e-06
-3.471566505e-06
2.296309466e-06
-3.24810051e-06
2.607855813e-06
-2.816883636e-06
2.663518136e-06
-2.260331004e-06
2.461723458e-06
-1.680759e-06
2.060294514e-06
-1.180415476e-06
1.553234266e-06
-8.077085729e-07
1.05978651e-06
-5.384308062e-07
6.632577581e-07
-3.452135257e-07
3.605640323e-07
-2.08251339e-07
1.387810166e-07
-1.137988899e-07
-1.303909694e-08
-5.267084973e-08
-1.038322289e-07
-1.770944738e-08
-1.413070116e-07
-2.609470119e-09
-1.312450866e-07
-6.854488947e-08
-1.437113604e-07
-3.060893971e-05
-2.186205935e-07
-1.166972454e-05
-4.850259943e-07
-3.016145086e-06
-1.095362251e-06
3.582383656e-07
-1.809045617e-06
1.498227231e-06
-2.392254224e-06
1.8825333e-06
-2.711093419e-06
2.153348273e-06
-2.744556229e-06
2.329772355e-06
-2.549206577e-06
2.412506073e-06
-2.189186778e-06
2.303498358e-06
-1.742283511e-06
2.014820274e-06
-1.297176617e-06
1.615187838e-06
-9.223088234e-07
1.178366858e-06
-6.400255186e-07
7.775026947e-07
-4.313436913e-07
4.545755686e-07
-2.782325092e-07
2.07452751e-07
-1.677819671e-07
2.833061757e-08
-9.077213279e-08
-9.004861262e-08
-4.08280838e-08
-1.537758647e-07
-1.248133951e-08
-1.69653277e-07
-1.093068829e-09
-1.426328474e-07
-6.963768711e-08
-6.843016176e-08
-3.053747518e-05
-1.441315138e-07
-1.159402988e-05
-2.736646983e-07
-2.886613961e-06
-7.068068374e-07
7.913805941e-07
-1.268003592e-06
2.059424244e-06
-1.754712839e-06
2.369242809e-06
-2.019612127e-06
2.418247681e-06
-2.074935657e-06
2.385095891e-06
-1.938593595e-06
2.276164054e-06
-1.664430907e-06
2.02933572e-06
-1.330339421e-06
1.68072886e-06
-1.003533369e-06
1.288381852e-06
-7.279083217e-07
9.027412817e-07
-5.146491701e-07
5.64243335e-07
-3.525443057e-07
2.924705626e-07
-2.307039762e-07
8.5612503e-08
-1.409009046e-07
-6.147220429e-08
-7.710746822e-08
-1.538416867e-07
-3.483655464e-08
-1.960463448e-07
-1.043312498e-08
-1.940562161e-07
-6.441472031e-10
-1.524213061e-07
-7.028157073e-08
-2.585000764e-09
-3.053236685e-05
-9.834745875e-08
-1.149812261e-05
-1.422772236e-07
-2.842684516e-06
-3.977110339e-07
1.046814584e-06
-8.063965809e-07
2.468109965e-06
-1.193387347e-06
2.756233817e-06
-1.440540661e-06
2.665401101e-06
-1.519341899e-06
2.46389719e-06
-1.434099079e-06
2.190921276e-06
-1.24369791e-06
1.838934535e-06
-1.009567428e-06
1.446598233e-06
-7.78978766e-07
1.057792973e-06
-5.802151114e-07
7.039774094e-07
-4.206710932e-07
4.046991429e-07
-2.952699154e-07
1.670694117e-07
-1.981168679e-07
-1.154035552e-08
-1.243168827e-07
-1.352718893e-07
-7.031198126e-08
-2.078462075e-07
-3.309788252e-08
-2.332599917e-07
-1.066895544e-08
-2.164846364e-07
-9.693834935e-10
-1.621203533e-07
-7.125069068e-08
3.255032595e-08
-3.05636493e-05
-7.723911899e-08
-1.138806445e-05
-8.725871304e-08
-2.832663567e-06
-1.980743856e-07
1.157630413e-06
-4.711684052e-07
2.741203968e-06
-7.643782577e-07
3.049443882e-06
-9.782217255e-07
2.879244696e-06
-1.064779947e-06
2.550455468e-06
-1.029043872e-06
2.15518518e-06
-9.1271586e-07
1.72260638e-06
-7.603967146e-07
1.294279059e-06
-6.051104141e-07
9.025067044e-07
-4.658622201e-07
5.647290136e-07
-3.488324074e-07
2.876693112e-07
-2.528824756e-07
7.111961032e-08
-1.755100417e-07
-8.891254322e-08
-1.143106589e-07
-1.964709559e-07
-6.765107905e-08
-2.545053919e-07
-3.385399672e-08
-2.670566227e-07
-1.219914815e-08
-2.381389908e-07
-1.735620914e-09
-1.72583376e-07
-7.298607122e-08
6.359843415e-08
-3.062458574e-05
-9.172256089e-08
-1.12325204e-05
-9.158838658e-08
-2.832796618e-06
-1.073238316e-07
1.173366021e-06
-2.546708629e-07
2.888551068e-06
-4.597979753e-07
3.254571166e-06
-6.311043595e-07
3.050551203e-06
-7.175082845e-07
2.636859432e-06
-7.174498588e-07
2.155126726e-06
-6.577790861e-07
1.662935614e-06
-5.678012628e-07
1.204301628e-06
-4.694903913e-07
8.041954405e-07
-3.758476221e-07
4.710861421e-07
-2.923363809e-07
2.041580993e-07
-2.200344313e-07
-1.182173238e-09
-1.586664894e-07
-1.502802736e-07
-1.076771147e-07
-2.474600063e-07
-6.681275857e-08
-2.953694008e-07
-3.555956327e-08
-2.983093724e-07
-1.415607401e-08
-2.595420361e-07
-2.646865953e-09
-1.840921019e-07
-7.563273164e-08
7.507404198e-08
-3.069468478e-05
-1.167880556e-07
-1.104039255e-05
-1.232772816e-07
-2.82630571e-06
-8.956561863e-08
1.139654474e-06
-1.410164784e-07
2.940001988e-06
-2.65688974e-07
3.379243748e-06
-3.899887912e-07
3.174851108e-06
-4.671206971e-07
2.713991368e-06
-4.88058167e-07
2.176064231e-06
-4.669438777e-07
1.641821314e-06
-4.210365427e-07
1.158394479e-06
-3.638888947e-07
7.470474296e-07
-3.041692966e-07
4.113664552e-07
-2.464893678e-07
1.464781644e-07
-1.929451448e-07
-5.472627052e-08
-1.445726233e-07
-1.986526552e-07
-1.020745329e-07
-2.899578183e-07
-6.614583597e-08
-3.312978161e-07
-3.712414003e-08
-3.273306772e-07
-1.593438738e-08
-2.80731417e-07
-3.49373163e-09
-1.965323282e-07
-7.912629434e-08
4.818691529e-08
-3.073857665e-05
-1.376052129e-07
-1.085438403e-05
-1.74456463e-07
-2.789452873e-06
-1.240070839e-07
1.089205214e-06
-1.114137732e-07
2.927408745e-06
-1.58698985e-07
3.426529052e-06
-2.373623388e-07
3.253514522e-06
-2.980522242e-07
2.774680806e-06
-3.270896411e-07
2.205101471e-06
-3.287444459e-07
1.643475948e-06
-3.113100181e-07
1.140960128e-06
-2.821224416e-07
7.17859471e-07
-2.465433362e-07
3.757875204e-07
-2.081420903e-07
1.080768685e-07
-1.692280669e-07
-9.36397922e-08
-1.3141229e-07
-2.364682271e-07
-9.617008245e-08
-3.251992588e-07
-6.468624199e-08
-3.627811602e-07
-3.786980286e-08
-3.541461829e-07
-1.716899661e-08
-3.01431466e-07
-4.151412513e-09
-2.095489208e-07
-8.327713775e-08
5.625863244e-08
-3.079268611e-05
-1.740304032e-07
-1.06238573e-05
-2.351349441e-07
-2.728345671e-06
-1.808992873e-07
1.034969694e-06
-1.28372041e-07
2.874881484e-06
-1.256433756e-07
3.423800321e-06
-1.55253565e-07
3.283123812e-06
-1.939295351e-07
2.813357022e-06
-2.206160477e-07
2.231787647e-06
-2.323135064e-07
1.655173156e-06
-2.308617569e-07
1.139507836e-06
-2.190907609e-07
7.060880444e-07
-1.997509211e-07
3.564472535e-07
-1.752329912e-07
8.355889146e-08
-1.475337811e-07
-1.213391276e-07
-1.183369666e-07
-2.656647416e-07
-8.937689337e-08
-3.541591115e-07
-6.202008083e-08
-3.901373529e-07
-3.754009442e-08
-3.786256367e-07
-1.772050421e-08
-3.212502541e-07
-4.570259963e-09
-2.226983903e-07
-8.784645267e-08
5.645220068e-08
-3.084773256e-05
-2.125797662e-07
-1.03544414e-05
-2.965287185e-07
-2.644392462e-06
-2.554196784e-07
9.938608572e-07
-1.733519617e-07
2.792813922e-06
-1.318646077e-07
3.38231311e-06
-1.273511014e-07
3.278610545e-06
-1.387581059e-07
2.824763921e-06
-1.553721359e-07
2.248401548e-06
-1.676141298e-07
1.66741513e-06
-1.728089698e-07
1.144702413e-06
-1.705146872e-07
7.037935803e-07
-1.613530079e-07
3.472853973e-07
-1.464757994e-07
6.86816965e-08
-1.272524303e-07
-1.405625212e-07
-1.051048438e-07
-2.878121651e-07
-8.16002485e-08
-3.77663558e-07
-5.812512447e-08
-4.136121586e-07
-3.615086226e-08
-4.005995867e-07
-1.760444165e-08
-3.397962647e-07
-4.752705887e-09
-2.355497444e-07
-9.259892109e-08
9.334347465e-09
-3.085665269e-05
-2.400791273e-07
-1.010458079e-05
-3.541535585e-07
-2.530312751e-06
-3.269847187e-07
9.666920131e-07
-2.36366603e-07
2.702195856e-06
-1.587321924e-07
3.304678561e-06
-1.27608875e-07
3.247487096e-06
-1.177765876e-07
2.81493148e-06
-1.19509283e-07
2.250134053e-06
-1.25920513e-07
1.673826239e-06
-1.313358872e-07
1.150117464e-06
-1.329259072e-07
7.053833426e-07
-1.295358317e-07
3.438951202e-07
-1.210940898e-07
6.023989677e-08
-1.08192361e-07
-1.534642646e-07
-9.178553911e-08
-3.042188573e-07
-7.30476709e-08
-3.964012341e-07
-5.322781504e-08
-4.334316863e-07
-3.388813911e-08
-4.199388838e-07
-1.693109305e-08
-3.567528544e-07
-4.73425311e-09
-2.477461186e-07
-9.733291243e-08
-7.766356798e-09
-3.084355544e-05
-2.780186763e-07
-9.833685561e-06
-4.084593447e-07
-2.399864367e-06
-3.942354145e-07
9.524680803e-07
-3.024070162e-07
2.610367454e-06
-2.021473108e-07
3.204418699e-06
-1.428063574e-07
3.188146033e-06
-1.147277756e-07
2.786852709e-06
-1.022785752e-07
2.237684653e-06
-9.986565942e-08
1.671413169e-06
-1.017354062e-07
1.15198687e-06
-1.036201184e-07
7.072677707e-07
-1.029699358e-07
3.432447425e-07
-9.861665108e-08
5.588652948e-08
-9.036067257e-08
-1.617202348e-07
-7.860108183e-08
-3.159783196e-07
-6.402981825e-08
-4.109722694e-07
-4.766714248e-08
-4.497940117e-07
-3.10091508e-08
-4.365964496e-07
-1.584891503e-08
-3.719126025e-07
-4.563721275e-09
-2.590308031e-07
-1.018963617e-07
-2.616771082e-08
-3.08110161e-05
-3.162529651e-07
-9.542850739e-06
-4.562849027e-07
-2.259823658e-06
-4.535516336e-07
9.497347678e-07
-3.63009089e-07
2.519824892e-06
-2.522161504e-07
3.093625652e-06
-1.701138872e-07
3.10604364e-06
-1.215868602e-07
2.738325509e-06
-9.568103007e-08
2.211778624e-06
-8.38514125e-08
1.659583404e-06
-8.048191314e-08
1.148617029e-06
-8.059511323e-08
7.073806916e-07
-8.068766967e-08
3.433371092e-07
-7.873058444e-08
5.392936246e-08
-7.38207167e-08
-1.666300833e-07
-6.57983732e-08
-3.240005241e-07
-5.486847048e-08
-4.219019251e-07
-4.175112734e-08
-4.629109815e-07
-2.77491204e-08
-4.505980002e-07
-1.449656973e-08
-3.851646318e-07
-4.288040261e-09
-2.692387895e-07
-1.061841151e-07
-8.334560911e-08
-3.073003069e-05
-3.447631472e-07
-9.280875024e-06
-4.984651644e-07
-2.106115124e-06
-5.034720178e-07
9.547415701e-07
-4.152053846e-07
2.431558263e-06
-3.001184839e-07
2.978538674e-06
-2.033675823e-07
3.009292611e-06
-1.367930619e-07
2.671750796e-06
-9.641656222e-08
2.171401941e-06
-7.489013109e-08
1.63805685e-06
-6.544016674e-08
1.139166718e-06
-6.25154204e-08
7.044556726e-07
-6.198077573e-08
3.428022803e-07
-6.116980326e-08
5.311831078e-08
-5.858542818e-08
-1.692144301e-07
-5.354398573e-08
-3.290418204e-07
-4.579273667e-08
-4.29652912e-07
-3.56871916e-08
-4.730161373e-07
-2.427452777e-08
-4.620101858e-07
-1.297763024e-08
-3.96460987e-07
-3.944215672e-09
-2.782716367e-07
-1.101280376e-07
-1.15465206e-07
-3.060753296e-05
-3.774758712e-07
-9.01788183e-06
-5.342621339e-07
-1.949318055e-06
-5.45360483e-07
9.658398546e-07
-4.607861582e-07
2.346983889e-06
-3.436920227e-07
2.861444463e-06
-2.36158845e-07
2.901759307e-06
-1.557882601e-07
2.591380041e-06
-1.026698274e-07
2.118283333e-06
-7.136278744e-08
1.606749636e-06
-5.524083619e-08
1.123044431e-06
-4.838024596e-08
6.975948205e-07
-4.621532379e-08
3.406371794e-07
-4.559790343e-08
5.250081632e-08
-4.452697188e-08
-1.702853277e-07
-4.183945199e-08
-3.317291867e-07
-3.686478322e-08
-4.346273064e-07
-2.955385449e-08
-4.803266632e-07
-2.066139959e-08
-4.709021425e-07
-1.134689509e-08
-4.057749234e-07
-3.554561333e-09
-2.860633781e-07
-1.136822915e-07
-1.22344909e-07
-3.046083907e-05
-4.103622705e-07
-8.728816907e-06
-5.676565534e-07
-1.792013725e-06
-5.824217952e-07
9.806050568e-07
-5.010210313e-07
2.265583056e-06
-3.831440518e-07
2.74356743e-06
-2.682696823e-07
2.786884816e-06
-1.766080871e-07
2.499718267e-06
-1.123237075e-07
2.053998788e-06
-7.168719488e-08
1.566112875e-06
-4.862066071e-08
1.09997757e-06
-3.721170886e-08
6.861856113e-07
-3.268060278e-08
3.361059009e-07
-3.152515921e-08
5.134530562e-08
-3.132028423e-08
-1.704901605e-07
-3.047627905e-08
-3.325730283e-07
-2.795091224e-08
-4.371523851e-07
-2.327444861e-08
-4.850027093e-07
-1.687784337e-08
-4.772982315e-07
-9.600011434e-09
-4.13052169e-07
-3.122739892e-09
-2.925400369e-07
-1.16804718e-07
-1.610448014e-07
-3.028591575e-05
-4.341250264e-07
-8.455221982e-06
-5.999306469e-07
-1.626202755e-06
-6.170072989e-07
9.976816575e-07
-5.379310659e-07
2.186506729e-06
-4.194274655e-07
2.625063802e-06
-2.991962685e-07
2.666653493e-06
-1.982009843e-07
2.398722834e-06
-1.239812098e-07
1.979778876e-06
-7.446231894e-08
1.516593784e-06
-4.433679052e-08
1.069851733e-06
-2.796640409e-08
6.698149785e-07
-2.052734806e-08
3.286666798e-07
-1.826793949e-08
4.908583765e-08
-1.841690425e-08
-1.703411453e-07
-1.901916341e-08
-3.319705957e-07
-1.871051328e-08
-4.37460733e-07
-1.660774511e-08
-4.871050451e-07
-1.277624771e-08
-4.811291935e-07
-7.666447342e-09
-4.181613567e-07
-2.631347076e-09
-2.975744999e-07
-1.194357365e-07
-1.80577832e-07
-3.009080663e-05
-4.617878324e-07
-8.17273161e-06
-6.313206925e-07
-1.456653934e-06
-6.50172392e-07
1.016533325e-06
-5.723520987e-07
2.108686346e-06
-4.531709546e-07
2.505882658e-06
-3.284715885e-07
2.541954031e-06
-2.19531422e-07
2.289782528e-06
-1.362970384e-07
1.896544269e-06
-7.82604348e-08
1.458556967e-06
-4.104691269e-08
1.032637914e-06
-1.945141181e-08
6.482192301e-07
-8.714431936e-09
3.179295431e-07
-4.921741169e-09
4.529309603e-08
-5.038939024e-09
-1.702238878e-07
-6.814570175e-09
-3.301947802e-07
-8.605601789e-09
-4.356693827e-07
-9.158879088e-09
-4.865513192e-07
-8.098943562e-09
-4.821885761e-07
-5.406133374e-09
-4.208535365e-07
-2.039205537e-09
-3.009407712e-07
-1.214746084e-07
-1.851031619e-07
-2.987629199e-05
-4.98402283e-07
-7.858236623e-06
-6.663519565e-07
-1.288691827e-06
-6.835691677e-07
1.033750504e-06
-6.050971941e-07
2.030214259e-06
-4.843050065e-07
2.385090483e-06
-3.547725394e-07
2.412421439e-06
-2.390212663e-07
2.174031073e-06
-1.475689225e-07
1.805091752e-06
-8.141019119e-08
1.392398034e-06
-3.7208819e-08
9.884362638e-07
-1.027699088e-08
6.212871569e-07
4.005979186e-09
3.036464269e-07
9.628825026e-09
3.967020782e-08
9.792958908e-09
-1.70387953e-07
6.966888947e-09
-3.273685159e-07
3.049228654e-09
-4.317513881e-07
-4.135089797e-10
-4.830881163e-07
-2.506889707e-09
-4.800946236e-07
-2.644884934e-09
-4.207148841e-07
-1.289850307e-09
-3.02295125e-07
-1.227641099e-07
-2.264401967e-07
-2.962901894e-05
-5.334499343e-07
-7.550620108e-06
-7.033118701e-07
-1.118825582e-06
-7.166898788e-07
1.047128507e-06
-6.352639341e-07
1.948788268e-06
-5.120869273e-07
2.26191343e-06
-3.77498958e-07
2.277833347e-06
-2.551666384e-07
2.051698607e-06
-1.559907164e-07
1.705915662e-06
-8.212948218e-08
1.318536607e-06
-3.11658187e-08
9.374723244e-07
1.0770645e-09
5.890440342e-07
1.902368628e-08
2.856996717e-07
2.663885164e-08
3.205500886e-08
2.718354437e-08
-1.709325673e-07
2.325715229e-08
-3.234419199e-07
1.698688956e-08
-4.254807766e-07
1.021354059e-08
-4.763142842e-07
4.416838335e-09
-4.742973312e-07
8.583899097e-10
-4.171557631e-07
-3.021927544e-10
-3.011338439e-07
-1.230659498e-07
-2.74654016e-07
-2.936373202e-05
-5.772556366e-07
-7.248157616e-06
-7.449445757e-07
-9.511362573e-07
-7.502082622e-07
1.052392194e-06
-6.62462854e-07
1.861042829e-06
-5.353135029e-07
2.134764044e-06
-3.952410292e-07
2.137760768e-06
-2.663357636e-07
1.922793214e-06
-1.598375982e-07
1.599417328e-06
-7.872090997e-08
1.237419748e-06
-2.129900314e-08
8.800501399e-07
1.613496647e-08
5.516098363e-07
3.774972003e-08
2.640847911e-07
4.737809235e-08
2.242661189e-08
4.823436932e-08
-1.717887567e-07
4.297400209e-08
-3.181813407e-07
3.391911593e-08
-4.164255298e-07
2.326704529e-08
-4.656617134e-07
1.30691507e-08
-4.640988253e-07
5.315741561e-09
-4.094016563e-07
9.870704966e-10
-2.968044517e-07
-1.22078512e-07
-3.311489438e-07
-2.90324332e-05
-6.320448845e-07
-6.946237959e-06
-7.971600318e-07
-7.860019754e-07
-7.845171403e-07
1.039749325e-06
-6.860414211e-07
1.76256711e-06
-5.528200665e-07
2.001542644e-06
-4.065889853e-07
1.991529603e-06
-2.710982685e-07
1.787302361e-06
-1.576582368e-07
1.485977139e-06
-6.972555546e-08
1.149486891e-06
-6.163749883e-09
8.164880435e-07
3.628838856e-08
5.091574778e-07
6.146838039e-08
2.389046776e-07
7.296999431e-08
1.092498366e-08
7.387437461e-08
-1.726930399e-07
6.684903149e-08
-3.111557779e-07
5.440957945e-08
-4.039857071e-07
3.914045546e-08
-4.503920735e-07
2.372894144e-08
-4.486866813e-07
1.089587241e-08
-3.965678769e-07
2.65180177e-09
-2.885596457e-07
-1.194263411e-07
-4.253347283e-07
-2.861536048e-05
-6.971487124e-07
-6.672687751e-06
-8.552289705e-07
-6.27884611e-07
-8.122257639e-07
9.967461528e-07
-7.020556221e-07
1.652396968e-06
-5.626035353e-07
1.862090515e-06
-4.102007899e-07
1.839126767e-06
-2.683491066e-07
1.64545056e-06
-1.483694974e-07
1.3659974e-06
-5.401021455e-08
1.055127456e-06
1.540215635e-08
7.470753726e-07
6.265484785e-08
4.619045696e-07
9.116416067e-08
2.103952579e-07
1.041985565e-07
-2.10942316e-09
1.046616416e-07
-1.731560195e-07
9.523342179e-08
-3.0172733e-07
7.865236183e-08
-3.874042702e-07
5.794162273e-08
-4.296808047e-07
3.646493071e-08
-4.272093388e-07
1.764865415e-08
-3.777508669e-07
4.717294974e-09
-2.756275342e-07
-1.147086642e-07
-5.846659926e-07
-2.801401457e-05
-7.755324079e-07
-6.478969987e-06
-8.659683378e-07
-5.373843427e-07
-8.244907614e-07
9.552686272e-07
-7.094702835e-07
1.537376501e-06
-5.638236909e-07
1.716443884e-06
-4.053669498e-07
1.680669953e-06
-2.575156913e-07
1.497599185e-06
-1.313474232e-07
1.239828981e-06
-3.085010626e-08
9.546299888e-07
4.415390007e-08
6.720710767e-07
9.590045997e-08
4.101578143e-07
1.273037725e-07
1.789918536e-07
1.412701851e-07
-1.60758406e-08
1.405464044e-07
-1.724321245e-07
1.278844563e-07
-2.890651452e-07
1.063120605e-07
-3.658314916e-07
7.933199727e-08
-4.027002008e-07
5.099014168e-08
-3.988668166e-07
2.543036646e-08
-3.521903496e-07
7.151577637e-09
-2.573479843e-07
-1.075567043e-07
-8.618451444e-07
-2.709487921e-05
-9.203702008e-07
-6.416038812e-06
-9.276521091e-07
-5.300085285e-07
-8.461606077e-07
8.737771804e-07
-7.12251734e-07
1.403467636e-06
-5.572762026e-07
1.561468323e-06
-3.925517098e-07
1.515945402e-06
-2.387811754e-07
1.343828553e-06
-1.06529435e-07
1.107577114e-06
-5.451725407e-11
8.481548391e-07
8.024989281e-08
5.917664071e-07
1.35991147e-07
3.544163629e-07
1.695523542e-07
1.454305754e-07
1.835223505e-07
-3.004583209e-08
1.805934098e-07
-1.695030625e-07
1.637125882e-07
-2.721840853e-07
1.362974953e-07
-3.384160176e-07
1.023686873e-07
-3.687708297e-07
6.657580498e-08
-3.630732494e-07
3.385620974e-08
-3.194699964e-07
9.841150442e-09
-2.333321472e-07
-9.771516133e-08
-1.196583048e-06
-2.5902659e-05
-1.082273367e-06
-6.525703077e-06
-9.733170601e-07
-6.38858055e-07
-8.562892223e-07
7.56749421e-07
-7.064024081e-07
1.253580844e-06
-5.426933617e-07
1.397759256e-06
-3.72277606e-07
1.345529571e-06
-2.12729065e-07
1.184279908e-06
-7.44158346e-08
9.69263903e-07
3.785463557e-08
7.358840892e-07
1.229644834e-07
5.06656264e-07
1.818456004e-07
2.955350391e-07
2.164118067e-07
1.108643316e-07
2.290829899e-07
-4.271697748e-08
2.226858079e-07
-1.631057688e-07
2.005400856e-07
-2.50038122e-07
1.665705515e-07
-3.044461059e-07
1.253384785e-07
-3.275381703e-07
8.201151644e-08
-3.197455886e-07
4.226414672e-08
-2.79721865e-07
1.257341467e-08
-2.036406333e-07
-8.51413566e-08
-1.148440519e-06
-2.473926184e-05
-9.772405479e-07
-6.689643007e-06
-9.051000907e-07
-7.108677771e-07
-8.18994332e-07
6.706437559e-07
-6.815535528e-07
1.11614007e-06
-5.192795371e-07
1.235485214e-06
-3.458015437e-07
1.17205152e-06
-1.808389017e-07
1.0193172e-06
-3.648614537e-08
8.249109317e-07
8.120873089e-08
6.181889472e-07
1.702164232e-07
4.17648291e-07
2.308574688e-07
2.348938955e-07
2.647805394e-07
7.694120693e-08
2.744992815e-07
-5.243561775e-08
2.63245133e-07
-1.51851556e-07
2.349179757e-07
-2.217107149e-07
1.94055603e-07
-2.635833609e-07
1.457442678e-07
-2.792262336e-07
9.556424337e-08
-2.695648515e-07
4.964769819e-08
-2.338045509e-07
1.500912627e-08
-1.690012705e-07
-7.013183307e-08
1.402739754e-06
-2.609947356e-05
-1.798197061e-07
-5.100330101e-06
-6.864098136e-07
-2.041767173e-07
-7.378432397e-07
7.220773516e-07
-6.473290339e-07
1.025625904e-06
-4.949230007e-07
1.083079203e-06
-3.185388835e-07
9.956674621e-07
-1.468905262e-07
8.476688796e-07
4.011157609e-09
6.740090283e-07
1.265377506e-07
4.956620452e-07
2.179416647e-07
3.262440624e-07
2.783136937e-07
1.745218819e-07
3.094849556e-07
4.576991277e-08
3.143992361e-07
-5.734970527e-08
2.970162482e-07
-1.344685496e-07
2.620449939e-07
-1.867392027e-07
2.146595043e-07
-2.161974879e-07
1.603733296e-07
-2.249394567e-07
1.049797036e-07
-2.141704964e-07
5.470626772e-08
-1.835303659e-07
1.670014988e-08
-1.309943586e-07
-5.34312921e-08
4.050023082e-06
-3.401660137e-06
-2.666577615e-05
4.49835817e-07
-1.49585766e-06
-5.029041519e-07
7.4857677e-07
-7.336070308e-07
9.527805633e-07
-6.701375663e-07
9.621566831e-07
-4.966959781e-07
9.096379183e-07
-3.016607069e-07
8.006321092e-07
-1.170256194e-07
6.630335592e-07
4.191142534e-08
5.150717404e-07
1.681556851e-07
3.694173982e-07
2.595350238e-07
2.348646167e-07
3.168083939e-07
1.172484439e-07
3.426339815e-07
1.994438442e-08
3.410574864e-07
-5.577305773e-08
3.169865172e-07
-1.10397525e-07
2.758837034e-07
-1.456361313e-07
2.234780834e-07
-1.637914267e-07
1.655107371e-07
-1.669715189e-07
1.077032623e-07
-1.563623009e-07
5.599540872e-08
-1.318217645e-07
1.714146727e-08
-9.213962168e-08
-3.628943216e-08
-1.220909912e-06
-1.376682462e-06
-8.038787508e-07
-1.773802526e-06
-9.429632762e-07
-1.307549909e-06
2.823246747e-07
-1.02811876e-06
6.733498212e-07
-7.789144115e-07
7.129522746e-07
-5.287337859e-07
6.594569657e-07
-2.961256109e-07
5.680238016e-07
-9.348835007e-08
4.603960639e-07
7.232166588e-08
3.492613027e-07
1.986064506e-07
2.431325465e-07
2.856922697e-07
1.477787872e-07
3.36142724e-07
6.679797972e-08
3.541530922e-07
1.934192798e-09
3.451012813e-07
-4.672130837e-08
3.149067783e-07
-8.020288398e-08
2.69672013e-07
-1.00401089e-07
2.153249531e-07
-1.094439055e-07
1.574386059e-07
-1.090845562e-07
1.012891246e-07
-1.002121288e-07
5.214986827e-08
-8.268177022e-08
1.584791531e-08
-5.583688816e-08
-2.044113457e-08
-1.029029001e-06
-5.989250563e-07
2.512716263e-07
-1.618597767e-06
-3.533947949e-07
-1.440941579e-06
1.04668657e-07
-1.119065736e-06
3.51473782e-07
-8.037151643e-07
3.97601534e-07
-5.187386269e-07
3.744803089e-07
-2.718624627e-07
3.211474481e-07
-6.747025549e-08
2.560037193e-07
9.251796111e-08
1.892732024e-07
2.087117825e-07
1.269386882e-07
2.839440413e-07
7.254654914e-08
3.228102807e-07
2.793185676e-08
3.311025896e-07
-6.358205731e-09
3.152280905e-07
-3.084678612e-08
2.817073243e-07
-4.668192107e-08
2.366501273e-07
-5.534358186e-08
1.855320101e-07
-5.832527999e-08
1.331799811e-07
-5.673194402e-08
8.39837566e-08
-5.101522596e-08
4.223786463e-08
-4.093515257e-08
1.246868941e-08
-2.606692405e-08
-7.972073775e-09
-9.896030758e-07
-1.999507276e-07
5.906289293e-07
-1.241640976e-06
-1.013566475e-07
-1.167160942e-06
3.018873612e-08
-9.297830665e-07
1.140959913e-07
-6.660221181e-07
1.338405961e-07
-4.188039365e-07
1.272621946e-07
-2.05923637e-07
1.08267278e-07
-3.428121869e-08
8.43613799e-08
9.486761402e-08
6.012438109e-08
1.836774392e-07
3.812888888e-08
2.365366057e-07
1.968725644e-08
2.591804249e-07
5.287948907e-09
2.579412428e-07
-5.119050506e-09
2.391411404e-07
-1.204657306e-08
2.085789189e-07
-1.611947699e-08
1.711978166e-07
-1.796210281e-08
1.310668302e-07
-1.819382666e-08
9.154541711e-08
-1.720997348e-08
5.564174684e-08
-1.511090826e-08
2.640667493e-08
-1.169936084e-08
7.01392656e-09
-6.673417496e-09
-9.577766103e-10
-4.987975334e-07
2.988469277e-07
-6.001540267e-07
-5.699652569e-07
-4.558692504e-07
-3.2202866e-07
-1.947664902e-07
-8.649926285e-08
-2.137963832e-09
5.798632066e-08
9.611510151e-08
1.158023173e-07
1.210902505e-07
1.159712734e-07
1.039247868e-07
8.780548728e-08
6.984356748e-08
5.165001621e-08
3.444033023e-08
1.932978725e-08
7.630797665e-09
9.577852897e-10
8.298035542e-06
4.659390798e-07
1.727125825e-05
-1.93799107e-07
-6.09852414e-07
7.631532585e-07
-2.967993637e-07
1.124176724e-06
-5.546118692e-07
-2.893373266e-07
-1.16071584e-07
-1.807278367e-07
-2.898034025e-07
-3.808799344e-07
-3.278687652e-07
-1.237211423e-07
-5.700664747e-08
-3.859965007e-07
-1.186044634e-07
-1.23235972e-07
-5.700656708e-08
-1.756109764e-07
)
;

boundaryField
{
    inlet
    {
        type            calculated;
        value           nonuniform List<scalar> 3(-8.761453094e-06 -8.757753217e-06 -8.730793689e-06);
    }
    frontandback
    {
        type            empty;
        value           nonuniform List<scalar> 0();
    }
    walls
    {
        type            calculated;
        value           uniform 0;
    }
    outlet
    {
        type            calculated;
        value           nonuniform List<scalar> 
22
(
8.774927455e-07
2.451800417e-06
3.693734701e-06
4.511627779e-06
4.880182842e-06
4.848128121e-06
4.505540642e-06
3.902363113e-06
3.158960737e-06
2.345471264e-06
1.514479849e-06
7.056922077e-07
-3.376787963e-08
-6.548331087e-07
-1.139175175e-06
-1.470529492e-06
-1.646508516e-06
-1.67125171e-06
-1.549673292e-06
-1.286053563e-06
-8.829999094e-07
-3.412603751e-07
)
;
    }
}


// ************************************************************************* //
