/*--------------------------------*- C++ -*----------------------------------*\
  =========                 |
  \\      /  F ield         | OpenFOAM: The Open Source CFD Toolbox
   \\    /   O peration     | Website:  https://openfoam.org
    \\  /    A nd           | Version:  9
     \\/     M anipulation  |
\*---------------------------------------------------------------------------*/
FoamFile
{
    format      ascii;
    class       volScalarField;
    location    "10";
    object      pi_gas_gas11;
}
// * * * * * * * * * * * * * * * * * * * * * * * * * * * * * * * * * * * * * //

dimensions      [1 -1 -2 0 0 0 0];

internalField   nonuniform List<scalar> 
2215
(
0
0
0
0
0
0
0
0
0
0
0
0
0
0
0
0
0
0
0
0
0
0
0
0
0
0
0
0
0
0
0
0
0
0
0
0
0
0
0
0
0
0
0
0
0
0
0
0
0
0
0
0
0
0
0
0
0
0
0
0
0
0
0
0
0
0
0
0
0
0
0
0
0
0
0
0
0
0
0
0
0
0
0
0
0
0
0
0
0
0
0
0
0
0
0
0
0
0
0
0
0
0
0
0
0
0
0
0
0
0
0
0
0
0
0
0
0
0
0
0
0
0
0
0
0
0
0
0
0
0
0
0
0
0
0
0
0
0
0
0
0
0
0
0
0
0
0
0
0
0
0
0
0
0
0
0
0
0
0
0
0
0
0
0
0
0
0
0
0
0
0
0
0
0
0
0
0
0
0
0
0
0
0
0
0
0
0
0
0
0
0
0
0
0
0
0
0
0
0
0
0
0
0
0
0
0
0
0
0
0
0
0
0
0
0
0
0
0
0
0
0
0
0
0
0
0
0
0
0
0
0
0
0
0
0
0
0
0
0
0
0
0
0
0
0
0
0
0
0
0
0
0
0
0
0
0
0
0
0
0
0
0
0
0
0
0
0
0
0
0
0
0
0
0
0
0
0
0
0
0
0
0
0
0
0
0
0
0
0
0
0
0
0
0
0
0
0
0
0
0
0
0
0
0
0
0
0
0
0
0
0
0
0
0
0
0
0
0
0
0
0
0
0
0
0
0
0
0
0
0
0
0
0
0
0
0
0
0
0
0
0
0
0
0
0
0
0
0
0
0
0
0
0
0
0
0
0
0
0
0
0
0
0
0
0
0
0
0
0
0
0
0
0
0
0
0
0
0
0
0
0
0
0
0
0
0
0
0
0
0
0
0
0
0
0
0
0
0
0
0
0
0
0
0
0
0
0
0
0
0
0
0
0
0
0
0
0
0
0
0
0
0
0
0
0
0
0
0
0
0
0
0
0
0
0
0
0
0
0
0
0
0
0
0
0
0
0
0
0
0
0
0
0
0
0
0
0
0
0
0
0
0
0
0
0
0
0
0
0
0
0
0
0
0
0
0
0
0
0
0
0
0
0
0
0
0
0
0
0
0
0
0
0
0
0
0
0
0
0
0
0
0
0
0
0
0
0
0
0
0
0
0
0
0
0
0
0
0
0
0
0
0
0
0
0
0
0
0
0
0
0
0
0
0
0
0
0
0
0
0
0
0
0
0
0
0
0
0
0
0
0
0
0
0
0
0
0
0
0
0
0
0
0
0
0
0
0
0
0
0
0
0
0
0
0
0
0
0
0
0
0
0
0
0
0
0
0
0
0
0
0
0
0
0
0
0
0
0
0
0
0
0
0
0
0
0
0
0
0
0
0
0
0
0
0
0
0
0
0
0
0
0
0
0
0
0
0
0
0
0
0
0
0
0
0
0
0
0
0
0
0
0
0
0
0
0
0
0
0
0
0
0
0
0
0
0
0
0
0
0
0
0
0
0
0
0
0
0
0
0
0
0
0
0
0
0
0
0
0
0
0
0
0
0
0
0
0
0
0
0
0
0
0
0
0
0
0
0
0
0
0
0
0
0
0
0
0
0
0
0
0
0
0
0
0
0
0
0
0
0
0
0
0
0
0
0
0
0
0
0
0
0
0
0
0
0
0
0
0
0
0
0
0
0
0
0
0
0
0
0
0
0
0
0
0
0
0
0
0
0
0
0
0
0
0
0
0
0
0
0
0
0
0
0
0
0
0
0
0
0
0
0
0
0
0
0
0
0
0
0
0
0
0
0
0
0
0
0
0
0
0
0
0
0
0
0
0
0
0
0
0
0
0
0
0
0
0
0
0
0
0
0
0
0
0
0
0
0
0
0
0
0
0
0
0
0
0
0
0
0
0
0
0
0
0
0
0
0
0
0
0
0
0
0
0
0
0
0
0
0
0
0
0
0
0
0
0
0
0
0
0
0
0
0
0
0
0
0
0
0
0
0
0
0
0
0
0
0
0
0
0
0
0
0
0
0
0
0
0
0
0
0
0
0
0
0
0
0
0
0
0
0
0
0
0
0
0
0
0
0
0
0
0
0
0
0.002458468045
0.002458528138
0.002458518773
0.002458432315
0.002458173158
0.002458105384
0
0
0
0
0
0
0
0
0
0
0
0
0
0
0
0.002458795213
0.002458651809
0.002458637421
0.002458685642
0.002458758205
0.002458620554
0.002458437488
0.002458252093
0.002457743176
0
0
0
0
0
0
0
0
0
0
0
0
0
0.002459079784
0.002458949218
0.002458975794
0.002459000533
0.002459039162
0.002458825505
0.002458780222
0.002458521894
0.002458341774
0.002458116651
0
0
0
0
0
0
0
0
0
0
0
0
0.002458965122
0.0024589802
0.002459075123
0.002459179254
0.002459261554
0.002459242446
0.002459172213
0.002458855537
0.00245854358
0.002458405075
0.002458101844
0
0
0
0
0
0
0
0
0
0
0
0.002459004982
0.002459054811
0.002459250713
0.00245935455
0.002459391262
0.002459375475
0.002459341398
0.002459182187
0.0024588972
0.002458599973
0.002458352423
0.002457925438
0
0
0
0
0
0
0
0
0
0
0.002459008711
0.002459136844
0.002459368916
0.002459407506
0.002459398412
0.002459389335
0.002459394087
0.002459356555
0.00245912964
0.002458760387
0.002458541668
0.002458320592
0.00245782914
0
0
0
0
0
0
0
0
0
0.002459008762
0.002459240973
0.002459416624
0.002459453178
0
0
0
0.00245944406
0.002459325394
0.002459037782
0.002458711251
0.002458497719
0.002458332908
0.00245753693
0.002457851118
0.002458542696
0.002458416217
0.00245814408
0.00245743597
0.002457971899
0.00245839504
0.002457848747
0.002459019447
0.00245934356
0.002459491217
0.002459532807
0
0
0
0
0.002459477019
0.002459246208
0.002458953342
0.002458681191
0.002458531205
0.002458402916
0.002458650897
0.002458757457
0.002458770025
0.002458692706
0.002458735695
0.002458728294
0.002458734523
0.002458727569
0.002459051126
0
0.002459555518
0
0
0
0
0
0.002459574688
0.002459444297
0.002459214451
0.002458927633
0.002458750849
0.002458724255
0.002458859828
0.002458882149
0
0
0
0
0
0
0
0
0
0
0
0
0
0
0
0.00245962766
0.002459402299
0.002459217022
0.002459087173
0.002458922828
0.002459015079
0
0
0
0
0
0
0
0.002459134262
0
0.002459721173
0
0
0
0
0
0
0
0.002459675185
0.002459452991
0.002459348496
0.002459191021
0
0
0
0
0
0
0
0
0.002459207724
0.002459686232
0.002459810186
0
0
0
0
0
0
0
0
0.002459627054
0.002459569143
0.002459559211
0
0
0
0
0
0
0
0
0.002459279259
0.002459781802
0.00245989936
0
0
0
0
0
0
0
0
0
0.002459865811
0
0
0
0
0
0
0
0
0
0.002459374339
0.002459888245
0
0
0
0
0
0
0
0
0
0
0
0
0
0
0
0
0
0
0
0
0.002459467014
0.002459989348
0
0
0
0
0
0
0
0
0
0
0
0
0
0
0
0
0
0
0
0
0.002459568176
0.002460098897
0
0
0
0
0
0
0
0
0
0
0
0
0
0
0
0
0
0
0
0
0.002459692133
0.002460219137
0
0
0
0
0
0
0
0
0
0
0
0
0
0
0
0
0
0
0
0
0.002459800383
0.002460343615
0
0
0
0
0
0
0
0
0
0
0
0
0
0
0
0
0
0
0
0
0.00245974535
0.002459227265
0
0
0
0
0
0
0
0
0
0
0
0
0
0
0
0
0
0
0
0
0.002458765119
0.002459311139
0
0
0
0
0
0
0
0
0
0
0
0
0
0
0
0
0
0
0
0
0.002458683346
0.002459424852
0
0
0
0
0
0
0
0
0
0
0
0
0
0
0
0
0
0
0
0
0.00245881738
0.0024595433
0
0
0
0
0
0
0
0
0
0
0
0
0
0
0
0
0
0
0
0
0.002458944808
0.002459663145
0
0
0
0
0
0
0
0
0
0
0
0
0
0
0
0
0
0
0
0
0.002459035257
0.002459771004
0
0
0
0
0
0
0
0
0
0
0
0
0
0
0
0
0
0
0
0
0.002459133284
0.002459881263
0
0
0
0
0
0
0
0
0
0
0
0
0
0
0
0
0
0
0
0
0.002459228203
0.002459985197
0
0
0
0
0
0
0
0
0
0
0
0
0
0
0
0
0
0
0
0
0.002459323675
0.002460083321
0
0
0
0
0
0
0
0
0
0
0
0
0
0
0
0
0
0
0
0
0.002459416079
0.002460182153
0
0
0
0
0
0
0
0
0
0
0
0
0
0
0
0
0
0
0
0
0.002459519545
0.002460280178
0
0
0
0
0
0
0
0
0
0
0
0
0
0
0
0
0
0
0
0
0.002459608131
0.002460378
0
0
0
0
0
0
0
0
0
0
0
0
0
0
0
0
0
0
0
0
0.002459702213
0.002460476836
0
0
0
0
0
0
0
0
0
0
0
0
0
0
0
0
0
0
0
0
0.002459793393
0.0024605768
0
0
0
0
0
0
0
0
0
0
0
0
0
0
0
0
0
0
0
0
0.002459882947
0.002460674658
0
0
0
0
0
0
0
0
0
0
0
0
0
0
0
0
0
0
0
0
0.002459966262
0.002460775402
0
0
0
0
0
0
0
0
0
0
0
0
0
0
0
0
0
0
0
0
0.002460052571
0.002460875676
0
0
0
0
0
0
0
0
0
0
0
0
0
0
0
0
0
0
0
0
0.002460147619
0.002460971873
0
0
0
0
0
0
0
0
0
0
0
0
0
0
0
0
0
0
0
0
0.002460203619
0.002461071325
0
0
0
0
0
0
0
0
0
0
0
0
0
0
0
0
0
0
0
0
0.002460268916
0.002461170289
0
0
0
0
0
0
0
0
0
0
0
0
0
0
0
0
0
0
0
0
0.002460309312
0.002461267752
0
0
0
0
0
0
0
0
0
0
0
0
0
0
0
0
0
0
0
0
0.002460339277
0.002461366836
0
0
0
0
0
0
0
0
0
0
0
0
0
0
0
0
0
0
0
0
0.002460356476
0.002461466295
0
0
0
0
0
0
0
0
0
0
0
0
0
0
0
0
0
0
0
0
0.002460355778
0.002461563417
0
0
0
0
0
0
0
0
0
0
0
0
0
0
0
0
0
0
0
0
0.002460384219
0.002461664379
0
0
0
0
0
0
0
0
0
0
0
0
0
0
0
0
0
0
0
0
0.002460480844
0.002461765534
0
0
0
0
0
0
0
0
0
0
0
0
0
0
0
0
0
0
0
0
0.002460648889
0.002461862827
0
0
0
0
0
0
0
0
0
0
0
0
0
0
0
0
0
0
0
0
0.002460467747
0.002461962378
0
0
0
0
0
0
0
0
0
0
0
0
0
0
0
0
0
0
0
0
0.002460428971
0.002462052793
0
0
0
0
0
0
0
0
0
0
0
0
0
0
0
0
0
0
0
0
0.00246051896
0.002462156964
0
0
0
0
0
0
0
0
0
0
0
0
0
0
0
0
0
0
0
0
0.002460035794
0.00246223892
0
0
0
0
0
0
0
0
0
0
0
0
0
0
0
0
0
0
0
0
0.002459882417
0.002462348017
0
0
0
0
0
0
0
0
0
0
0
0
0
0
0
0
0
0
0
0
0.002459521082
0.002462426871
0
0
0
0
0
0
0
0
0
0
0
0
0
0
0
0
0
0
0
0
0.002459518494
0.002462518195
0
0
0
0
0
0
0
0
0
0
0
0
0
0
0
0
0
0
0
0
0.002459756323
0.002462597511
0
0
0
0
0
0
0
0
0
0
0
0
0
0
0
0
0
0
0
0
0.00246089497
0.002462966061
0
0
0
0
0
0
0
0
0
0
0
0
0
0
0
0
0
0
0
0
0
0
0
0
0
0
0
0
0
0
0
0
0
0
0
0
0
0
0
0
0
0
0
0
0
0
0
0
0
0
0
0
0
0
0
0
0
0
0
0
0
0
0
0
0
0
0
0
0
0
0
0
0
0
0
0
0
0
0
0
0
0
0
0
0
0
0
0
0
0
0
0
0
0
0
0
0
0
0
0
0
0
0
0
0
0
0
0
0
0
0.002436361341
0.002463388644
0.002463392499
0.002463371898
0
0
0
0
0
0
0
0
0
)
;

boundaryField
{
    inlet
    {
        type            calculated;
        value           uniform 0;
    }
    frontandback
    {
        type            empty;
    }
    walls
    {
        type            calculated;
        value           uniform 0;
    }
    outlet
    {
        type            calculated;
        value           uniform 0;
    }
}


// ************************************************************************* //
