/*--------------------------------*- C++ -*----------------------------------*\
  =========                 |
  \\      /  F ield         | OpenFOAM: The Open Source CFD Toolbox
   \\    /   O peration     | Website:  https://openfoam.org
    \\  /    A nd           | Version:  9
     \\/     M anipulation  |
\*---------------------------------------------------------------------------*/
FoamFile
{
    format      ascii;
    class       volScalarField;
    location    "10";
    object      pi_gas_gas10;
}
// * * * * * * * * * * * * * * * * * * * * * * * * * * * * * * * * * * * * * //

dimensions      [1 -1 -2 0 0 0 0];

internalField   nonuniform List<scalar> 
2215
(
0
0
0
0
0
0
0
0
0
0
0
0
0
0
0
0
0
0
0
0
0
0
0
0
0
0
0
0
0
0
0
0
0
0
0
0
0
0
0
0
0
0
0
0
0
0
0
0
0
0
0
0
0
0
0
0
0
0
0
0
0
0
0
0
0
0
0
0
0
0
0
0
0
0
0
0
0
0
0
0
0
0
0
0
0
0
0
0
0
0
0
0
0
0
0
0
0
0
0
0
0
0
0
0
0
0
0
0
0
0
0
0
0
0
0
0
0
0
0
0
0
0
0
0
0
0
0
0
0
0
0
0
0
0
0
0
0
0
0
0
0
0
0
0
0
0
0
0
0
0
0
0
0
0
0
0
0
0
0
0
0
0
0
0
0
0
0
0
0
0
0
0
0
0
0
0
0
0
0
0
0
0
0
0
0
0
0
0
0
0
0
0
0
0
0
0
0
0
0
0
0
0
0
0
0
0
0
0
0
0
0
0
0
0
0
0
0
0
0
0
0
0
0
0
0
0
0
0
0
0
0
0
0
0
0
0
0
0
0
0
0
0
0
0
0
0
0
0
0
0
0
0
0
0
0
0
0
0
0
0
0
0
0
0
0
0
0
0
0
0
0
0
0
0
0
0
0
0
0
0
0
0
0
0
0
0
0
0
0
0
0
0
0
0
0
0
0
0
0
0
0
0
0
0
0
0
0
0
0
0
0
0
0
0
0
0
0
0
0
0
0
0
0
0
0
0
0
0
0
0
0
0
0
0
0
0
0
0
0
0
0
0
0
0
0
0
0
0
0
0
0
0
0
0
0
0
0
0
0
0
0
0
0
0
0
0
0
0
0
0
0
0
0
0
0
0
0
0
0
0
0
0
0
0
0
0
0
0
0
0
0
0
0
0
0
0
0
0
0
0
0
0
0
0
0
0
0
0
0
0
0
0
0
0
0
0
0
0
0
0
0
0
0
0
0
0
0
0
0
0
0
0
0
0
0
0
0
0
0
0
0
0
0
0
0
0
0
0
0
0
0
0
0
0
0
0
0
0
0
0
0
0
0
0
0
0
0
0
0
0
0
0
0
0
0
0
0
0
0
0
0
0
0
0
0
0
0
0
0
0
0
0
0
0
0
0
0
0
0
0
0
0
0
0
0
0
0
0
0
0
0
0
0
0
0
0
0
0
0
0
0
0
0
0
0
0
0
0
0
0
0
0
0
0
0
0
0
0
0
0
0
0
0
0
0
0
0
0
0
0
0
0
0
0
0
0
0
0
0
0
0
0
0
0
0
0
0
0
0
0
0
0
0
0
0
0
0
0
0
0
0
0
0
0
0
0
0
0
0
0
0
0
0
0
0
0
0
0
0
0
0
0
0
0
0
0
0
0
0
0
0
0
0
0
0
0
0
0
0
0
0
0
0
0
0
0
0
0
0
0
0
0
0
0
0
0
0
0
0
0
0
0
0
0
0
0
0
0
0
0
0
0
0
0
0
0
0
0
0
0
0
0
0
0
0
0
0
0
0
0
0
0
0
0
0
0
0
0
0
0
0
0
0
0
0
0
0
0
0
0
0
0
0
0
0
0
0
0
0
0
0
0
0
0
0
0
0
0
0
0
0
0
0
0
0
0
0
0
0
0
0
0
0
0
0
0
0
0
0
0
0
0
0
0
0
0
0
0
0
0
0
0
0
0
0
0
0
0
0
0
0
0
0
0
0
0
0
0
0
0
0
0
0
0
0
0
0
0
0
0
0
0
0
0
0
0
0
0
0
0
0
0
0
0
0
0
0
0
0
0
0
0
0
0
0
0
0
0
0
0
0
0
0
0
0
0
0
0
0
0
0
0
0
0
0
0
0
0
0
0
0
0
0
0
0
0
0
0
0
0
0
0
0
0
0
0
0
0
0
0
0
0
0
0
0
0
0
0
0
0
0
0
0
0
0
0
0
0
0
0
0
0
0
0
0
0
0
0
0
0
0
0
0
0
0
0
0
0
0
0
0
0
0
0
0
0
0
0
0
0
0
0
0
0
0
0
0
0
0
0
0
0
0
0
0
0
0
0
0
0
0
0
0
0
0
0
0
0
0
0
0
0
0
0
0
0.007844487048
0.007845297162
0.007845241997
0.007844654436
0.007842741328
0.007842042874
0
0
0
0
0
0
0
0
0
0
0
0
0
0
0
0.007846978455
0.007846105829
0.007845973832
0.007846277796
0.007846736893
0.007845939668
0.007844784344
0.007843466412
0.007839519148
0
0
0
0
0
0
0
0
0
0
0
0
0
0.007848785043
0.00784806428
0.007848231234
0.007848386792
0.007848584418
0.007847155894
0.007846921028
0.007845284686
0.007844151368
0.007842489348
0
0
0
0
0
0
0
0
0
0
0
0
0.007848052674
0.007848162789
0.007848745824
0.007849349879
0.007849834042
0.007849762681
0.007849409079
0.007847431372
0.007845415425
0.007844527281
0.007842376077
0
0
0
0
0
0
0
0
0
0
0
0.007848266544
0.007848593261
0.007849684618
0.007850322434
0.007850591698
0.007850527763
0.007850382449
0.007849388877
0.007847712102
0.007845807683
0.007844141647
0.007841116542
0
0
0
0
0
0
0
0
0
0
0.007848328211
0.007849035845
0.00785032574
0.007850648905
0.007850756034
0.00785073149
0.007850722893
0.007850480584
0.007849110953
0.007846797781
0.007845358527
0.007843884246
0.007840308412
0
0
0
0
0
0
0
0
0
0.007848328731
0.007849509381
0.007850599084
0.007850975221
0
0
0
0.007850951171
0.007850192201
0.007848539152
0.007846454431
0.007845005443
0.007843819644
0.007837963957
0.007840204996
0.007845110353
0.007844174298
0.007842178008
0.007837578045
0.007841014778
0.007844065737
0.007840081344
0.00784836384
0.007850038174
0.007850992226
0.007851303252
0
0
0
0
0.007850997502
0.007849674253
0.007847892209
0.007846156166
0.007845122077
0.007844100264
0.007845866673
0.007846662376
0.00784673788
0.007846219649
0.007846486478
0.007846442883
0.007846484344
0.00784643337
0.007848466389
0
0.007851250191
0
0
0
0
0
0.007851458331
0.007850695599
0.007849389724
0.007847584572
0.007846377573
0.007846260085
0.00784709602
0.007847162229
0
0
0
0
0
0
0
0
0
0
0
0
0
0
0
0.007851598301
0.007850273581
0.007849174915
0.007848318429
0.007847280278
0.007847599158
0
0
0
0
0
0
0
0.007848728895
0
0.007851854048
0
0
0
0
0
0
0
0.007851673153
0.007850327214
0.007849656713
0.007848613449
0
0
0
0
0
0
0
0
0.007848962941
0.007851460769
0.007852160124
0
0
0
0
0
0
0
0
0.007851135816
0.00785089249
0.007850585037
0
0
0
0
0
0
0
0
0.007849183346
0.007851801054
0.007852454816
0
0
0
0
0
0
0
0
0
0.007852187862
0
0
0
0
0
0
0
0
0
0.007849494936
0.007852167575
0
0
0
0
0
0
0
0
0
0
0
0
0
0
0
0
0
0
0
0
0.00784976971
0.007852486414
0
0
0
0
0
0
0
0
0
0
0
0
0
0
0
0
0
0
0
0
0.007850091996
0.007852850149
0
0
0
0
0
0
0
0
0
0
0
0
0
0
0
0
0
0
0
0
0.007850483534
0.007853236936
0
0
0
0
0
0
0
0
0
0
0
0
0
0
0
0
0
0
0
0
0.007850796684
0.007853635999
0
0
0
0
0
0
0
0
0
0
0
0
0
0
0
0
0
0
0
0
0.007849647047
0.007846543807
0
0
0
0
0
0
0
0
0
0
0
0
0
0
0
0
0
0
0
0
0.007843355401
0.007846669938
0
0
0
0
0
0
0
0
0
0
0
0
0
0
0
0
0
0
0
0
0.007842581258
0.007846962452
0
0
0
0
0
0
0
0
0
0
0
0
0
0
0
0
0
0
0
0
0.007843009858
0.007847289297
0
0
0
0
0
0
0
0
0
0
0
0
0
0
0
0
0
0
0
0
0.007843371322
0.007847636641
0
0
0
0
0
0
0
0
0
0
0
0
0
0
0
0
0
0
0
0
0.007843590831
0.007847938326
0
0
0
0
0
0
0
0
0
0
0
0
0
0
0
0
0
0
0
0
0.007843846699
0.007848262627
0
0
0
0
0
0
0
0
0
0
0
0
0
0
0
0
0
0
0
0
0.007844109665
0.007848562054
0
0
0
0
0
0
0
0
0
0
0
0
0
0
0
0
0
0
0
0
0.007844381415
0.007848851496
0
0
0
0
0
0
0
0
0
0
0
0
0
0
0
0
0
0
0
0
0.007844643631
0.007849156192
0
0
0
0
0
0
0
0
0
0
0
0
0
0
0
0
0
0
0
0
0.00784498313
0.007849459106
0
0
0
0
0
0
0
0
0
0
0
0
0
0
0
0
0
0
0
0
0.007845221199
0.007849766977
0
0
0
0
0
0
0
0
0
0
0
0
0
0
0
0
0
0
0
0
0.007845496326
0.007850076687
0
0
0
0
0
0
0
0
0
0
0
0
0
0
0
0
0
0
0
0
0.007845743847
0.007850390103
0
0
0
0
0
0
0
0
0
0
0
0
0
0
0
0
0
0
0
0
0.007845971064
0.007850690333
0
0
0
0
0
0
0
0
0
0
0
0
0
0
0
0
0
0
0
0
0.007846153308
0.00785100322
0
0
0
0
0
0
0
0
0
0
0
0
0
0
0
0
0
0
0
0
0.007846362471
0.007851312219
0
0
0
0
0
0
0
0
0
0
0
0
0
0
0
0
0
0
0
0
0.007846645095
0.007851594372
0
0
0
0
0
0
0
0
0
0
0
0
0
0
0
0
0
0
0
0
0.007846628623
0.007851889565
0
0
0
0
0
0
0
0
0
0
0
0
0
0
0
0
0
0
0
0
0.007846674371
0.007852178576
0
0
0
0
0
0
0
0
0
0
0
0
0
0
0
0
0
0
0
0
0.007846539902
0.007852460127
0
0
0
0
0
0
0
0
0
0
0
0
0
0
0
0
0
0
0
0
0.007846306175
0.007852743772
0
0
0
0
0
0
0
0
0
0
0
0
0
0
0
0
0
0
0
0
0.007845966154
0.007853030941
0
0
0
0
0
0
0
0
0
0
0
0
0
0
0
0
0
0
0
0
0.007845426293
0.007853303101
0
0
0
0
0
0
0
0
0
0
0
0
0
0
0
0
0
0
0
0
0.007845176786
0.007853595832
0
0
0
0
0
0
0
0
0
0
0
0
0
0
0
0
0
0
0
0
0.007845443229
0.007853891042
0
0
0
0
0
0
0
0
0
0
0
0
0
0
0
0
0
0
0
0
0.007846086175
0.007854160271
0
0
0
0
0
0
0
0
0
0
0
0
0
0
0
0
0
0
0
0
0.007844352942
0.007854437755
0
0
0
0
0
0
0
0
0
0
0
0
0
0
0
0
0
0
0
0
0.007843658297
0.007854658215
0
0
0
0
0
0
0
0
0
0
0
0
0
0
0
0
0
0
0
0
0.007843846206
0.00785495769
0
0
0
0
0
0
0
0
0
0
0
0
0
0
0
0
0
0
0
0
0.007840088371
0.007855104964
0
0
0
0
0
0
0
0
0
0
0
0
0
0
0
0
0
0
0
0
0.00783841277
0.00785542155
0
0
0
0
0
0
0
0
0
0
0
0
0
0
0
0
0
0
0
0
0.007835301421
0.00785552863
0
0
0
0
0
0
0
0
0
0
0
0
0
0
0
0
0
0
0
0
0.007834674522
0.007855704141
0
0
0
0
0
0
0
0
0
0
0
0
0
0
0
0
0
0
0
0
0.007835858595
0.007855852006
0
0
0
0
0
0
0
0
0
0
0
0
0
0
0
0
0
0
0
0
0.007843004018
0.007858014388
0
0
0
0
0
0
0
0
0
0
0
0
0
0
0
0
0
0
0
0
0
0
0
0
0
0
0
0
0
0
0
0
0
0
0
0
0
0
0
0
0
0
0
0
0
0
0
0
0
0
0
0
0
0
0
0
0
0
0
0
0
0
0
0
0
0
0
0
0
0
0
0
0
0
0
0
0
0
0
0
0
0
0
0
0
0
0
0
0
0
0
0
0
0
0
0
0
0
0
0
0
0
0
0
0
0
0
0
0
0
0.007670825679
0.007860146932
0.007860305693
0.00786023171
0
0
0
0
0
0
0
0
0
)
;

boundaryField
{
    inlet
    {
        type            calculated;
        value           uniform 0;
    }
    frontandback
    {
        type            empty;
    }
    walls
    {
        type            calculated;
        value           uniform 0;
    }
    outlet
    {
        type            calculated;
        value           uniform 0;
    }
}


// ************************************************************************* //
