/*--------------------------------*- C++ -*----------------------------------*\
  =========                 |
  \\      /  F ield         | OpenFOAM: The Open Source CFD Toolbox
   \\    /   O peration     | Website:  https://openfoam.org
    \\  /    A nd           | Version:  9
     \\/     M anipulation  |
\*---------------------------------------------------------------------------*/
FoamFile
{
    format      ascii;
    class       volScalarField;
    location    "10";
    object      pi_gas_gas1;
}
// * * * * * * * * * * * * * * * * * * * * * * * * * * * * * * * * * * * * * //

dimensions      [1 -1 -2 0 0 0 0];

internalField   nonuniform List<scalar> 
2215
(
0
0
0
0
0
0
0
0
0
0
0
0
0
0
0
0
0
0
0
0
0
0
0
0
0
0
0
0
0
0
0
0
0
0
0
0
0
0
0
0
0
0
0
0
0
0
0
0
0
0
0
0
0
0
0
0
0
0
0
0
0
0
0
0
0
0
0
0
0
0
0
0
0
0
0
0
0
0
0
0
0
0
0
0
0
0
0
0
0
0
0
0
0
0
0
0
0
0
0
0
0
0
0
0
0
0
0
0
0
0
0
0
0
0
0
0
0
0
0
0
0
0
0
0
0
0
0
0
0
0
0
0
0
0
0
0
0
0
0
0
0
0
0
0
0
0
0
0
0
0
0
0
0
0
0
0
0
0
0
0
0
0
0
0
0
0
0
0
0
0
0
0
0
0
0
0
0
0
0
0
0
0
0
0
0
0
0
0
0
0
0
0
0
0
0
0
0
0
0
0
0
0
0
0
0
0
0
0
0
0
0
0
0
0
0
0
0
0
0
0
0
0
0
0
0
0
0
0
0
0
0
0
0
0
0
0
0
0
0
0
0
0
0
0
0
0
0
0
0
0
0
0
0
0
0
0
0
0
0
0
0
0
0
0
0
0
0
0
0
0
0
0
0
0
0
0
0
0
0
0
0
0
0
0
0
0
0
0
0
0
0
0
0
0
0
0
0
0
0
0
0
0
0
0
0
0
0
0
0
0
0
0
0
0
0
0
0
0
0
0
0
0
0
0
0
0
0
0
0
0
0
0
0
0
0
0
0
0
0
0
0
0
0
0
0
0
0
0
0
0
0
0
0
0
0
0
0
0
0
0
0
0
0
0
0
0
0
0
0
0
0
0
0
0
0
0
0
0
0
0
0
0
0
0
0
0
0
0
0
0
0
0
0
0
0
0
0
0
0
0
0
0
0
0
0
0
0
0
0
0
0
0
0
0
0
0
0
0
0
0
0
0
0
0
0
0
0
0
0
0
0
0
0
0
0
0
0
0
0
0
0
0
0
0
0
0
0
0
0
0
0
0
0
0
0
0
0
0
0
0
0
0
0
0
0
0
0
0
0
0
0
0
0
0
0
0
0
0
0
0
0
0
0
0
0
0
0
0
0
0
0
0
0
0
0
0
0
0
0
0
0
0
0
0
0
0
0
0
0
0
0
0
0
0
0
0
0
0
0
0
0
0
0
0
0
0
0
0
0
0
0
0
0
0
0
0
0
0
0
0
0
0
0
0
0
0
0
0
0
0
0
0
0
0
0
0
0
0
0
0
0
0
0
0
0
0
0
0
0
0
0
0
0
0
0
0
0
0
0
0
0
0
0
0
0
0
0
0
0
0
0
0
0
0
0
0
0
0
0
0
0
0
0
0
0
0
0
0
0
0
0
0
0
0
0
0
0
0
0
0
0
0
0
0
0
0
0
0
0
0
0
0
0
0
0
0
0
0
0
0
0
0
0
0
0
0
0
0
0
0
0
0
0
0
0
0
0
0
0
0
0
0
0
0
0
0
0
0
0
0
0
0
0
0
0
0
0
0
0
0
0
0
0
0
0
0
0
0
0
0
0
0
0
0
0
0
0
0
0
0
0
0
0
0
0
0
0
0
0
0
0
0
0
0
0
0
0
0
0
0
0
0
0
0
0
0
0
0
0
0
0
0
0
0
0
0
0
0
0
0
0
0
0
0
0
0
0
0
0
0
0
0
0
0
0
0
0
0
0
0
0
0
0
0
0
0
0
0
0
0
0
0
0
0
0
0
0
0
0
0
0
0
0
0
0
0
0
0
0
0
0
0
0
0
0
0
0
0
0
0
0
0
0
0
0
0
0
0
0
0
0
0
0
0
0
0
0
0
0
0
0
0
0
0
0
0
0
0
0
0
0
0
0
0
0
0
0
0
0
0
0
0
0
0
0
0
0
0
0
0
0
0
0
0
0
0
0
0
0
0
0
0
0
0
0
0
0
0
0
0
0
0
0
0
0
0
0
0
0
0
0
0
0
0
0
0
0
0
0
0
0
0
0
0
0
0
0
0
0
0
0
0
0
0
0
0
0
0
0
0
0
0
0
0
0
0
0
0
0
0
0
0
0
0
0
2.882615674e-12
2.951132161e-12
2.971505606e-12
2.923724288e-12
2.89459709e-12
2.900354383e-12
0
0
0
0
0
0
0
0
0
0
0
0
0
0
0
3.000445551e-12
2.894964614e-12
2.895011592e-12
3.003920922e-12
2.953212788e-12
2.885870796e-12
2.920497345e-12
2.885775917e-12
2.896939244e-12
0
0
0
0
0
0
0
0
0
0
0
0
0
4.378165132e-12
3.957788338e-12
3.883550524e-12
3.928703172e-12
4.129954523e-12
2.907120874e-12
2.937807916e-12
2.935689104e-12
2.868366715e-12
2.896346452e-12
0
0
0
0
0
0
0
0
0
0
0
0
3.666130167e-12
3.523309945e-12
3.552137876e-12
3.619719336e-12
3.774889228e-12
4.031332172e-12
4.430068046e-12
2.934867295e-12
2.925607048e-12
2.896091607e-12
2.876485638e-12
0
0
0
0
0
0
0
0
0
0
0
3.335738884e-12
3.267940227e-12
3.271454555e-12
3.356474628e-12
3.501542789e-12
3.848735159e-12
4.180855365e-12
2.902075064e-12
2.944649704e-12
2.902243728e-12
2.872766454e-12
2.892392876e-12
0
0
0
0
0
0
0
0
0
0
3.131500804e-12
3.062995339e-12
3.077620478e-12
3.151986302e-12
3.366188083e-12
3.746199672e-12
4.260384038e-12
4.604838363e-12
2.923661651e-12
2.910357034e-12
2.90286398e-12
2.876011835e-12
2.881005745e-12
0
0
0
0
0
0
0
0
0
2.976076273e-12
2.971271477e-12
3.012587577e-12
3.054038681e-12
0
0
0
4.846915963e-12
3.000950358e-12
2.925850512e-12
2.859306403e-12
2.899195241e-12
2.907738885e-12
2.92130185e-12
2.895722552e-12
2.906103396e-12
2.901952071e-12
2.911679719e-12
3.009352738e-12
2.889535444e-12
2.88588901e-12
2.903375422e-12
2.902715742e-12
2.882503633e-12
2.926031011e-12
2.988181649e-12
0
0
0
0
2.886629096e-12
2.927232003e-12
2.922817524e-12
2.861284189e-12
2.867376181e-12
2.915288157e-12
2.910661596e-12
2.88105966e-12
2.903973645e-12
2.916976579e-12
2.919690117e-12
2.941287259e-12
2.912344977e-12
2.862021501e-12
2.886027206e-12
0
2.885781143e-12
0
0
0
0
0
2.858304723e-12
2.959048603e-12
2.86188161e-12
2.915963789e-12
2.904054285e-12
2.884855224e-12
2.926192341e-12
3.137458822e-12
0
0
0
0
0
0
0
0
0
0
0
0
0
0
0
2.875254317e-12
2.926031656e-12
2.855578205e-12
2.907317993e-12
2.957222938e-12
2.95227115e-12
0
0
0
0
0
0
0
2.913822329e-12
0
3.006131922e-12
0
0
0
0
0
0
0
2.847405667e-12
2.942784282e-12
2.86684795e-12
3.004994034e-12
0
0
0
0
0
0
0
0
3.161392648e-12
3.00406518e-12
3.198943259e-12
0
0
0
0
0
0
0
0
2.849552659e-12
6.202327167e-12
6.202036076e-12
0
0
0
0
0
0
0
0
3.466468436e-12
3.251181272e-12
3.593342292e-12
0
0
0
0
0
0
0
0
0
6.138903971e-12
0
0
0
0
0
0
0
0
0
3.311929833e-12
3.905006625e-12
0
0
0
0
0
0
0
0
0
0
0
0
0
0
0
0
0
0
0
0
4.387115668e-12
4.983928375e-12
0
0
0
0
0
0
0
0
0
0
0
0
0
0
0
0
0
0
0
0
5.103281456e-12
6.093444164e-12
0
0
0
0
0
0
0
0
0
0
0
0
0
0
0
0
0
0
0
0
4.779839418e-12
7.56034784e-12
0
0
0
0
0
0
0
0
0
0
0
0
0
0
0
0
0
0
0
0
6.701075188e-12
1.017155315e-11
0
0
0
0
0
0
0
0
0
0
0
0
0
0
0
0
0
0
0
0
3.000392818e-12
2.996203464e-12
0
0
0
0
0
0
0
0
0
0
0
0
0
0
0
0
0
0
0
0
2.961752732e-12
2.76493063e-12
0
0
0
0
0
0
0
0
0
0
0
0
0
0
0
0
0
0
0
0
2.805654156e-12
2.967101282e-12
0
0
0
0
0
0
0
0
0
0
0
0
0
0
0
0
0
0
0
0
2.808036852e-12
3.044301724e-12
0
0
0
0
0
0
0
0
0
0
0
0
0
0
0
0
0
0
0
0
3.107641035e-12
3.192409429e-12
0
0
0
0
0
0
0
0
0
0
0
0
0
0
0
0
0
0
0
0
2.885053767e-12
3.567447283e-12
0
0
0
0
0
0
0
0
0
0
0
0
0
0
0
0
0
0
0
0
3.249505989e-12
4.081313485e-12
0
0
0
0
0
0
0
0
0
0
0
0
0
0
0
0
0
0
0
0
3.06773147e-12
4.6594518e-12
0
0
0
0
0
0
0
0
0
0
0
0
0
0
0
0
0
0
0
0
3.520050853e-12
5.25184782e-12
0
0
0
0
0
0
0
0
0
0
0
0
0
0
0
0
0
0
0
0
3.504105605e-12
5.943954042e-12
0
0
0
0
0
0
0
0
0
0
0
0
0
0
0
0
0
0
0
0
3.310210661e-12
7.02637536e-12
0
0
0
0
0
0
0
0
0
0
0
0
0
0
0
0
0
0
0
0
4.705451868e-12
8.721451046e-12
0
0
0
0
0
0
0
0
0
0
0
0
0
0
0
0
0
0
0
0
5.864062783e-12
1.060253883e-11
0
0
0
0
0
0
0
0
0
0
0
0
0
0
0
0
0
0
0
0
7.547470844e-12
1.30578567e-11
0
0
0
0
0
0
0
0
0
0
0
0
0
0
0
0
0
0
0
0
9.707927316e-12
1.591189334e-11
0
0
0
0
0
0
0
0
0
0
0
0
0
0
0
0
0
0
0
0
1.254765553e-11
1.92903211e-11
0
0
0
0
0
0
0
0
0
0
0
0
0
0
0
0
0
0
0
0
1.467860645e-11
2.152468952e-11
0
0
0
0
0
0
0
0
0
0
0
0
0
0
0
0
0
0
0
0
1.512748028e-11
2.85572002e-11
0
0
0
0
0
0
0
0
0
0
0
0
0
0
0
0
0
0
0
0
2.174747151e-11
3.573246275e-11
0
0
0
0
0
0
0
0
0
0
0
0
0
0
0
0
0
0
0
0
2.661295519e-11
4.383013363e-11
0
0
0
0
0
0
0
0
0
0
0
0
0
0
0
0
0
0
0
0
3.488581337e-11
5.401575965e-11
0
0
0
0
0
0
0
0
0
0
0
0
0
0
0
0
0
0
0
0
4.472934344e-11
6.459214622e-11
0
0
0
0
0
0
0
0
0
0
0
0
0
0
0
0
0
0
0
0
5.611311607e-11
7.437931831e-11
0
0
0
0
0
0
0
0
0
0
0
0
0
0
0
0
0
0
0
0
7.056307984e-11
8.64918823e-11
0
0
0
0
0
0
0
0
0
0
0
0
0
0
0
0
0
0
0
0
8.011223574e-11
9.517075723e-11
0
0
0
0
0
0
0
0
0
0
0
0
0
0
0
0
0
0
0
0
8.148043704e-11
1.02853578e-10
0
0
0
0
0
0
0
0
0
0
0
0
0
0
0
0
0
0
0
0
7.82153997e-11
1.180953406e-10
0
0
0
0
0
0
0
0
0
0
0
0
0
0
0
0
0
0
0
0
1.095648949e-10
1.306378579e-10
0
0
0
0
0
0
0
0
0
0
0
0
0
0
0
0
0
0
0
0
1.229633872e-10
1.575844659e-10
0
0
0
0
0
0
0
0
0
0
0
0
0
0
0
0
0
0
0
0
1.256822379e-10
1.630189482e-10
0
0
0
0
0
0
0
0
0
0
0
0
0
0
0
0
0
0
0
0
1.772834624e-10
1.990171818e-10
0
0
0
0
0
0
0
0
0
0
0
0
0
0
0
0
0
0
0
0
1.962059623e-10
1.991605058e-10
0
0
0
0
0
0
0
0
0
0
0
0
0
0
0
0
0
0
0
0
2.227406157e-10
2.112458252e-10
0
0
0
0
0
0
0
0
0
0
0
0
0
0
0
0
0
0
0
0
2.203132416e-10
2.078447065e-10
0
0
0
0
0
0
0
0
0
0
0
0
0
0
0
0
0
0
0
0
2.278942048e-10
2.115890427e-10
0
0
0
0
0
0
0
0
0
0
0
0
0
0
0
0
0
0
0
0
2.174522411e-10
2.125857037e-10
0
0
0
0
0
0
0
0
0
0
0
0
0
0
0
0
0
0
0
0
0
0
0
0
0
0
0
0
0
0
0
0
0
0
0
0
0
0
0
0
0
0
0
0
0
0
0
0
0
0
0
0
0
0
0
0
0
0
0
0
0
0
0
0
0
0
0
0
0
0
0
0
0
0
0
0
0
0
0
0
0
0
0
0
0
0
0
0
0
0
0
0
0
0
0
0
0
0
0
0
0
0
0
0
0
0
0
0
0
0
3.285786145e-10
2.444663079e-10
2.462551684e-10
2.641527166e-10
0
0
0
0
0
0
0
0
0
)
;

boundaryField
{
    inlet
    {
        type            calculated;
        value           uniform 0;
    }
    frontandback
    {
        type            empty;
    }
    walls
    {
        type            calculated;
        value           uniform 0;
    }
    outlet
    {
        type            calculated;
        value           uniform 0;
    }
}


// ************************************************************************* //
