/*--------------------------------*- C++ -*----------------------------------*\
  =========                 |
  \\      /  F ield         | OpenFOAM: The Open Source CFD Toolbox
   \\    /   O peration     | Website:  https://openfoam.org
    \\  /    A nd           | Version:  9
     \\/     M anipulation  |
\*---------------------------------------------------------------------------*/
FoamFile
{
    format      ascii;
    class       volScalarField;
    location    "10";
    object      pi_gas_gas0;
}
// * * * * * * * * * * * * * * * * * * * * * * * * * * * * * * * * * * * * * //

dimensions      [1 -1 -2 0 0 0 0];

internalField   nonuniform List<scalar> 
2215
(
0
0
0
0
0
0
0
0
0
0
0
0
0
0
0
0
0
0
0
0
0
0
0
0
0
0
0
0
0
0
0
0
0
0
0
0
0
0
0
0
0
0
0
0
0
0
0
0
0
0
0
0
0
0
0
0
0
0
0
0
0
0
0
0
0
0
0
0
0
0
0
0
0
0
0
0
0
0
0
0
0
0
0
0
0
0
0
0
0
0
0
0
0
0
0
0
0
0
0
0
0
0
0
0
0
0
0
0
0
0
0
0
0
0
0
0
0
0
0
0
0
0
0
0
0
0
0
0
0
0
0
0
0
0
0
0
0
0
0
0
0
0
0
0
0
0
0
0
0
0
0
0
0
0
0
0
0
0
0
0
0
0
0
0
0
0
0
0
0
0
0
0
0
0
0
0
0
0
0
0
0
0
0
0
0
0
0
0
0
0
0
0
0
0
0
0
0
0
0
0
0
0
0
0
0
0
0
0
0
0
0
0
0
0
0
0
0
0
0
0
0
0
0
0
0
0
0
0
0
0
0
0
0
0
0
0
0
0
0
0
0
0
0
0
0
0
0
0
0
0
0
0
0
0
0
0
0
0
0
0
0
0
0
0
0
0
0
0
0
0
0
0
0
0
0
0
0
0
0
0
0
0
0
0
0
0
0
0
0
0
0
0
0
0
0
0
0
0
0
0
0
0
0
0
0
0
0
0
0
0
0
0
0
0
0
0
0
0
0
0
0
0
0
0
0
0
0
0
0
0
0
0
0
0
0
0
0
0
0
0
0
0
0
0
0
0
0
0
0
0
0
0
0
0
0
0
0
0
0
0
0
0
0
0
0
0
0
0
0
0
0
0
0
0
0
0
0
0
0
0
0
0
0
0
0
0
0
0
0
0
0
0
0
0
0
0
0
0
0
0
0
0
0
0
0
0
0
0
0
0
0
0
0
0
0
0
0
0
0
0
0
0
0
0
0
0
0
0
0
0
0
0
0
0
0
0
0
0
0
0
0
0
0
0
0
0
0
0
0
0
0
0
0
0
0
0
0
0
0
0
0
0
0
0
0
0
0
0
0
0
0
0
0
0
0
0
0
0
0
0
0
0
0
0
0
0
0
0
0
0
0
0
0
0
0
0
0
0
0
0
0
0
0
0
0
0
0
0
0
0
0
0
0
0
0
0
0
0
0
0
0
0
0
0
0
0
0
0
0
0
0
0
0
0
0
0
0
0
0
0
0
0
0
0
0
0
0
0
0
0
0
0
0
0
0
0
0
0
0
0
0
0
0
0
0
0
0
0
0
0
0
0
0
0
0
0
0
0
0
0
0
0
0
0
0
0
0
0
0
0
0
0
0
0
0
0
0
0
0
0
0
0
0
0
0
0
0
0
0
0
0
0
0
0
0
0
0
0
0
0
0
0
0
0
0
0
0
0
0
0
0
0
0
0
0
0
0
0
0
0
0
0
0
0
0
0
0
0
0
0
0
0
0
0
0
0
0
0
0
0
0
0
0
0
0
0
0
0
0
0
0
0
0
0
0
0
0
0
0
0
0
0
0
0
0
0
0
0
0
0
0
0
0
0
0
0
0
0
0
0
0
0
0
0
0
0
0
0
0
0
0
0
0
0
0
0
0
0
0
0
0
0
0
0
0
0
0
0
0
0
0
0
0
0
0
0
0
0
0
0
0
0
0
0
0
0
0
0
0
0
0
0
0
0
0
0
0
0
0
0
0
0
0
0
0
0
0
0
0
0
0
0
0
0
0
0
0
0
0
0
0
0
0
0
0
0
0
0
0
0
0
0
0
0
0
0
0
0
0
0
0
0
0
0
0
0
0
0
0
0
0
0
0
0
0
0
0
0
0
0
0
0
0
0
0
0
0
0
0
0
0
0
0
0
0
0
0
0
0
0
0
0
0
0
0
0
0
0
0
0
0
0
0
0
0
0
0
0
0
0
0
0
0
0
0
0
0
0
0
0
0
0
0
0
0
0
0
0
0
0
0
0
0
0
0
0
0
0
0
0
0
0
0
0
0
0
0
0
0
0
0
0
0
0
0
0
0
0
0
0
0
0
0
0
0
0
0
0
0
0
0
0
0
0
0
6.287560531e-06
6.361752931e-06
6.383671597e-06
6.33213002e-06
6.30051847e-06
6.306832699e-06
0
0
0
0
0
0
0
0
0
0
0
0
0
0
0
6.414744204e-06
6.300945431e-06
6.301020939e-06
6.418461271e-06
6.364064956e-06
6.291025078e-06
6.32861206e-06
6.290873179e-06
6.303094271e-06
0
0
0
0
0
0
0
0
0
0
0
0
0
7.748864148e-06
7.367409308e-06
7.297992964e-06
7.34029664e-06
7.525982041e-06
6.314216083e-06
6.347426377e-06
6.345078479e-06
6.271860321e-06
6.3023834e-06
0
0
0
0
0
0
0
0
0
0
0
0
7.090805438e-06
6.951314648e-06
6.97971914e-06
7.045835891e-06
7.195293194e-06
7.435654233e-06
7.794657326e-06
6.344255288e-06
6.334179248e-06
6.302118612e-06
6.280739531e-06
0
0
0
0
0
0
0
0
0
0
0
6.763782687e-06
6.694697644e-06
6.698372155e-06
6.78487113e-06
6.929928568e-06
7.265356234e-06
7.572310442e-06
6.308809299e-06
6.35482331e-06
6.308839981e-06
6.276689814e-06
6.298077991e-06
0
0
0
0
0
0
0
0
0
0
6.553438812e-06
6.481414227e-06
6.496953913e-06
6.574951241e-06
6.794620373e-06
7.167876528e-06
7.643996083e-06
7.946994775e-06
6.332203835e-06
6.317694245e-06
6.30952187e-06
6.280241244e-06
6.285695524e-06
0
0
0
0
0
0
0
0
0
6.38873837e-06
6.383707536e-06
6.427958988e-06
6.471976594e-06
0
0
0
8.153260582e-06
6.415442364e-06
6.334556065e-06
6.262039508e-06
6.305544163e-06
6.31482594e-06
6.329558187e-06
6.301793431e-06
6.313104234e-06
6.308598366e-06
6.319169489e-06
6.424152008e-06
6.295072583e-06
6.291103438e-06
6.310140901e-06
6.309519293e-06
6.287680392e-06
6.334979858e-06
6.40189006e-06
0
0
0
0
6.292137183e-06
6.336150664e-06
6.331288524e-06
6.264230022e-06
6.270881137e-06
6.323076208e-06
6.318061943e-06
6.28584361e-06
6.31079424e-06
6.324897841e-06
6.327849268e-06
6.351207955e-06
6.319883387e-06
6.265044082e-06
6.291396239e-06
0
6.291318414e-06
0
0
0
0
0
6.261261703e-06
6.370606634e-06
6.265049787e-06
6.323902773e-06
6.310955598e-06
6.290038255e-06
6.334980684e-06
6.559723058e-06
0
0
0
0
0
0
0
0
0
0
0
0
0
0
0
6.279877019e-06
6.335014879e-06
6.258223167e-06
6.314651573e-06
6.36857144e-06
6.363350308e-06
0
0
0
0
0
0
0
6.321728914e-06
0
6.421355324e-06
0
0
0
0
0
0
0
6.249479536e-06
6.353230171e-06
6.270707535e-06
6.419992356e-06
0
0
0
0
0
0
0
0
6.584913949e-06
6.419209878e-06
6.624197283e-06
0
0
0
0
0
0
0
0
6.25190568e-06
9.223560416e-06
9.223467598e-06
0
0
0
0
0
0
0
0
6.895425423e-06
6.678131599e-06
7.020804597e-06
0
0
0
0
0
0
0
0
0
9.176653464e-06
0
0
0
0
0
0
0
0
0
6.740098592e-06
7.319036704e-06
0
0
0
0
0
0
0
0
0
0
0
0
0
0
0
0
0
0
0
0
7.757536357e-06
8.26871382e-06
0
0
0
0
0
0
0
0
0
0
0
0
0
0
0
0
0
0
0
0
8.366963986e-06
9.143084813e-06
0
0
0
0
0
0
0
0
0
0
0
0
0
0
0
0
0
0
0
0
8.097681686e-06
1.018457096e-05
0
0
0
0
0
0
0
0
0
0
0
0
0
0
0
0
0
0
0
0
9.588186732e-06
1.181344086e-05
0
0
0
0
0
0
0
0
0
0
0
0
0
0
0
0
0
0
0
0
6.416063122e-06
6.411419645e-06
0
0
0
0
0
0
0
0
0
0
0
0
0
0
0
0
0
0
0
0
6.374456872e-06
6.159160659e-06
0
0
0
0
0
0
0
0
0
0
0
0
0
0
0
0
0
0
0
0
6.204282948e-06
6.380538312e-06
0
0
0
0
0
0
0
0
0
0
0
0
0
0
0
0
0
0
0
0
6.207086271e-06
6.463185739e-06
0
0
0
0
0
0
0
0
0
0
0
0
0
0
0
0
0
0
0
0
6.530009669e-06
6.618711957e-06
0
0
0
0
0
0
0
0
0
0
0
0
0
0
0
0
0
0
0
0
6.291947449e-06
6.996864898e-06
0
0
0
0
0
0
0
0
0
0
0
0
0
0
0
0
0
0
0
0
6.677699122e-06
7.48402197e-06
0
0
0
0
0
0
0
0
0
0
0
0
0
0
0
0
0
0
0
0
6.488379616e-06
7.996729582e-06
0
0
0
0
0
0
0
0
0
0
0
0
0
0
0
0
0
0
0
0
6.950423276e-06
8.490050372e-06
0
0
0
0
0
0
0
0
0
0
0
0
0
0
0
0
0
0
0
0
6.934805703e-06
9.032352827e-06
0
0
0
0
0
0
0
0
0
0
0
0
0
0
0
0
0
0
0
0
6.740349974e-06
9.820593064e-06
0
0
0
0
0
0
0
0
0
0
0
0
0
0
0
0
0
0
0
0
8.036447334e-06
1.094145666e-05
0
0
0
0
0
0
0
0
0
0
0
0
0
0
0
0
0
0
0
0
8.971634995e-06
1.206408946e-05
0
0
0
0
0
0
0
0
0
0
0
0
0
0
0
0
0
0
0
0
1.017845819e-05
1.33885796e-05
0
0
0
0
0
0
0
0
0
0
0
0
0
0
0
0
0
0
0
0
1.15439298e-05
1.477979409e-05
0
0
0
0
0
0
0
0
0
0
0
0
0
0
0
0
0
0
0
0
1.312444286e-05
1.627369849e-05
0
0
0
0
0
0
0
0
0
0
0
0
0
0
0
0
0
0
0
0
1.419551253e-05
1.719072069e-05
0
0
0
0
0
0
0
0
0
0
0
0
0
0
0
0
0
0
0
0
1.441122407e-05
1.980124454e-05
0
0
0
0
0
0
0
0
0
0
0
0
0
0
0
0
0
0
0
0
1.727950082e-05
2.215008629e-05
0
0
0
0
0
0
0
0
0
0
0
0
0
0
0
0
0
0
0
0
1.91153691e-05
2.453237947e-05
0
0
0
0
0
0
0
0
0
0
0
0
0
0
0
0
0
0
0
0
2.188617722e-05
2.723471146e-05
0
0
0
0
0
0
0
0
0
0
0
0
0
0
0
0
0
0
0
0
2.478286546e-05
2.978254815e-05
0
0
0
0
0
0
0
0
0
0
0
0
0
0
0
0
0
0
0
0
2.775859469e-05
3.196005578e-05
0
0
0
0
0
0
0
0
0
0
0
0
0
0
0
0
0
0
0
0
3.112900893e-05
3.446501723e-05
0
0
0
0
0
0
0
0
0
0
0
0
0
0
0
0
0
0
0
0
3.316926322e-05
3.615364808e-05
0
0
0
0
0
0
0
0
0
0
0
0
0
0
0
0
0
0
0
0
3.345203342e-05
3.758543453e-05
0
0
0
0
0
0
0
0
0
0
0
0
0
0
0
0
0
0
0
0
3.277583836e-05
4.027501616e-05
0
0
0
0
0
0
0
0
0
0
0
0
0
0
0
0
0
0
0
0
3.879294912e-05
4.236073447e-05
0
0
0
0
0
0
0
0
0
0
0
0
0
0
0
0
0
0
0
0
4.109738448e-05
4.652593592e-05
0
0
0
0
0
0
0
0
0
0
0
0
0
0
0
0
0
0
0
0
4.155020878e-05
4.732245595e-05
0
0
0
0
0
0
0
0
0
0
0
0
0
0
0
0
0
0
0
0
4.934886852e-05
5.228814302e-05
0
0
0
0
0
0
0
0
0
0
0
0
0
0
0
0
0
0
0
0
5.191717574e-05
5.230819138e-05
0
0
0
0
0
0
0
0
0
0
0
0
0
0
0
0
0
0
0
0
5.531786074e-05
5.387312178e-05
0
0
0
0
0
0
0
0
0
0
0
0
0
0
0
0
0
0
0
0
5.501716532e-05
5.343894522e-05
0
0
0
0
0
0
0
0
0
0
0
0
0
0
0
0
0
0
0
0
5.595714538e-05
5.39192859e-05
0
0
0
0
0
0
0
0
0
0
0
0
0
0
0
0
0
0
0
0
5.466283345e-05
5.404743846e-05
0
0
0
0
0
0
0
0
0
0
0
0
0
0
0
0
0
0
0
0
0
0
0
0
0
0
0
0
0
0
0
0
0
0
0
0
0
0
0
0
0
0
0
0
0
0
0
0
0
0
0
0
0
0
0
0
0
0
0
0
0
0
0
0
0
0
0
0
0
0
0
0
0
0
0
0
0
0
0
0
0
0
0
0
0
0
0
0
0
0
0
0
0
0
0
0
0
0
0
0
0
0
0
0
0
0
0
0
0
0
6.718597312e-05
5.796086549e-05
5.817225544e-05
6.024893762e-05
0
0
0
0
0
0
0
0
0
)
;

boundaryField
{
    inlet
    {
        type            calculated;
        value           uniform 0;
    }
    frontandback
    {
        type            empty;
    }
    walls
    {
        type            calculated;
        value           uniform 0;
    }
    outlet
    {
        type            calculated;
        value           uniform 0;
    }
}


// ************************************************************************* //
