/*--------------------------------*- C++ -*----------------------------------*\
  =========                 |
  \\      /  F ield         | OpenFOAM: The Open Source CFD Toolbox
   \\    /   O peration     | Website:  https://openfoam.org
    \\  /    A nd           | Version:  9
     \\/     M anipulation  |
\*---------------------------------------------------------------------------*/
FoamFile
{
    format      ascii;
    class       volScalarField;
    location    "10";
    object      pi_gas_gas7;
}
// * * * * * * * * * * * * * * * * * * * * * * * * * * * * * * * * * * * * * //

dimensions      [1 -1 -2 0 0 0 0];

internalField   nonuniform List<scalar> 
2215
(
0
0
0
0
0
0
0
0
0
0
0
0
0
0
0
0
0
0
0
0
0
0
0
0
0
0
0
0
0
0
0
0
0
0
0
0
0
0
0
0
0
0
0
0
0
0
0
0
0
0
0
0
0
0
0
0
0
0
0
0
0
0
0
0
0
0
0
0
0
0
0
0
0
0
0
0
0
0
0
0
0
0
0
0
0
0
0
0
0
0
0
0
0
0
0
0
0
0
0
0
0
0
0
0
0
0
0
0
0
0
0
0
0
0
0
0
0
0
0
0
0
0
0
0
0
0
0
0
0
0
0
0
0
0
0
0
0
0
0
0
0
0
0
0
0
0
0
0
0
0
0
0
0
0
0
0
0
0
0
0
0
0
0
0
0
0
0
0
0
0
0
0
0
0
0
0
0
0
0
0
0
0
0
0
0
0
0
0
0
0
0
0
0
0
0
0
0
0
0
0
0
0
0
0
0
0
0
0
0
0
0
0
0
0
0
0
0
0
0
0
0
0
0
0
0
0
0
0
0
0
0
0
0
0
0
0
0
0
0
0
0
0
0
0
0
0
0
0
0
0
0
0
0
0
0
0
0
0
0
0
0
0
0
0
0
0
0
0
0
0
0
0
0
0
0
0
0
0
0
0
0
0
0
0
0
0
0
0
0
0
0
0
0
0
0
0
0
0
0
0
0
0
0
0
0
0
0
0
0
0
0
0
0
0
0
0
0
0
0
0
0
0
0
0
0
0
0
0
0
0
0
0
0
0
0
0
0
0
0
0
0
0
0
0
0
0
0
0
0
0
0
0
0
0
0
0
0
0
0
0
0
0
0
0
0
0
0
0
0
0
0
0
0
0
0
0
0
0
0
0
0
0
0
0
0
0
0
0
0
0
0
0
0
0
0
0
0
0
0
0
0
0
0
0
0
0
0
0
0
0
0
0
0
0
0
0
0
0
0
0
0
0
0
0
0
0
0
0
0
0
0
0
0
0
0
0
0
0
0
0
0
0
0
0
0
0
0
0
0
0
0
0
0
0
0
0
0
0
0
0
0
0
0
0
0
0
0
0
0
0
0
0
0
0
0
0
0
0
0
0
0
0
0
0
0
0
0
0
0
0
0
0
0
0
0
0
0
0
0
0
0
0
0
0
0
0
0
0
0
0
0
0
0
0
0
0
0
0
0
0
0
0
0
0
0
0
0
0
0
0
0
0
0
0
0
0
0
0
0
0
0
0
0
0
0
0
0
0
0
0
0
0
0
0
0
0
0
0
0
0
0
0
0
0
0
0
0
0
0
0
0
0
0
0
0
0
0
0
0
0
0
0
0
0
0
0
0
0
0
0
0
0
0
0
0
0
0
0
0
0
0
0
0
0
0
0
0
0
0
0
0
0
0
0
0
0
0
0
0
0
0
0
0
0
0
0
0
0
0
0
0
0
0
0
0
0
0
0
0
0
0
0
0
0
0
0
0
0
0
0
0
0
0
0
0
0
0
0
0
0
0
0
0
0
0
0
0
0
0
0
0
0
0
0
0
0
0
0
0
0
0
0
0
0
0
0
0
0
0
0
0
0
0
0
0
0
0
0
0
0
0
0
0
0
0
0
0
0
0
0
0
0
0
0
0
0
0
0
0
0
0
0
0
0
0
0
0
0
0
0
0
0
0
0
0
0
0
0
0
0
0
0
0
0
0
0
0
0
0
0
0
0
0
0
0
0
0
0
0
0
0
0
0
0
0
0
0
0
0
0
0
0
0
0
0
0
0
0
0
0
0
0
0
0
0
0
0
0
0
0
0
0
0
0
0
0
0
0
0
0
0
0
0
0
0
0
0
0
0
0
0
0
0
0
0
0
0
0
0
0
0
0
0
0
0
0
0
0
0
0
0
0
0
0
0
0
0
0
0
0
0
0
0
0
0
0
0
0
0
0
0
0
0
0
0
0
0
0
0
0
0
0
0
0
0
0
0
0
0
0
0
0
0
0
0
0
0
0
0
0
0
0
0
0
0
0
0
0
0
0
0
0
0
0
0
0
0
0
0
0
0
0
0
0
0
0
0
0
0
0
0
0
0
0
0
0
0
0
0
0
0
0
0
0
0
4.939283438e-05
4.938668487e-05
4.938676822e-05
4.938850301e-05
4.939556327e-05
4.939986779e-05
0
0
0
0
0
0
0
0
0
0
0
0
0
0
0
4.938288512e-05
4.938454528e-05
4.938547592e-05
4.938490717e-05
4.938373478e-05
4.938463474e-05
4.938722294e-05
4.939165724e-05
4.940789371e-05
0
0
0
0
0
0
0
0
0
0
0
0
0
4.937861351e-05
4.937915803e-05
4.937882806e-05
4.937851803e-05
4.937864091e-05
4.938263036e-05
4.938268623e-05
4.938643501e-05
4.938893303e-05
4.93950665e-05
0
0
0
0
0
0
0
0
0
0
0
0
4.93801178e-05
4.937977965e-05
4.937877194e-05
4.937804931e-05
4.937739117e-05
4.937713963e-05
4.937707908e-05
4.938124664e-05
4.938621791e-05
4.938833693e-05
4.939552087e-05
0
0
0
0
0
0
0
0
0
0
0
4.937993489e-05
4.937923122e-05
4.937833319e-05
4.937717626e-05
4.937636749e-05
4.93761983e-05
4.937590371e-05
4.937798423e-05
4.938046004e-05
4.938498234e-05
4.938973512e-05
4.939980311e-05
0
0
0
0
0
0
0
0
0
0
4.937934253e-05
4.937903619e-05
4.937793213e-05
4.937661477e-05
4.937502617e-05
4.937480819e-05
4.937515207e-05
4.937571605e-05
4.937806889e-05
4.938300112e-05
4.938679442e-05
4.939086841e-05
4.940361853e-05
0
0
0
0
0
0
0
0
0
4.937931441e-05
4.937978098e-05
4.937766915e-05
4.937567997e-05
0
0
0
4.937547667e-05
4.937718688e-05
4.937917681e-05
4.938405691e-05
4.938831901e-05
4.939243695e-05
4.941387909e-05
4.940627128e-05
4.938991066e-05
4.939338112e-05
4.940064004e-05
4.941220988e-05
4.940398316e-05
4.939336993e-05
4.940765035e-05
4.937950487e-05
4.937972865e-05
4.93775219e-05
4.937652021e-05
0
0
0
0
4.937681804e-05
4.937837439e-05
4.938166677e-05
4.938574209e-05
4.938895767e-05
4.939339343e-05
4.938746862e-05
4.938446964e-05
4.938430097e-05
4.938578761e-05
4.938523463e-05
4.938530775e-05
4.938519159e-05
4.938538585e-05
4.938011192e-05
0
4.937825927e-05
0
0
0
0
0
4.937720917e-05
4.937824113e-05
4.937968635e-05
4.938364361e-05
4.938728373e-05
4.938714063e-05
4.938532652e-05
4.938578903e-05
0
0
0
0
0
0
0
0
0
0
0
0
0
0
0
4.937857615e-05
4.938046598e-05
4.938217179e-05
4.938449408e-05
4.938679169e-05
4.938835704e-05
0
0
0
0
0
0
0
4.938179245e-05
0
4.938080263e-05
0
0
0
0
0
0
0
4.938032665e-05
4.938261267e-05
4.938413568e-05
4.938695731e-05
0
0
0
0
0
0
0
0
4.938326892e-05
4.93830524e-05
4.938236525e-05
0
0
0
0
0
0
0
0
4.938349672e-05
4.938278479e-05
4.938544609e-05
0
0
0
0
0
0
0
0
4.938478234e-05
4.938458059e-05
4.938405131e-05
0
0
0
0
0
0
0
0
0
4.93850146e-05
0
0
0
0
0
0
0
0
0
4.93865936e-05
4.938643853e-05
0
0
0
0
0
0
0
0
0
0
0
0
0
0
0
0
0
0
0
0
4.938867735e-05
4.938855152e-05
0
0
0
0
0
0
0
0
0
0
0
0
0
0
0
0
0
0
0
0
4.939069656e-05
4.939059664e-05
0
0
0
0
0
0
0
0
0
0
0
0
0
0
0
0
0
0
0
0
4.939322315e-05
4.939298609e-05
0
0
0
0
0
0
0
0
0
0
0
0
0
0
0
0
0
0
0
0
4.939574682e-05
4.939546658e-05
0
0
0
0
0
0
0
0
0
0
0
0
0
0
0
0
0
0
0
0
4.94059288e-05
4.941119421e-05
0
0
0
0
0
0
0
0
0
0
0
0
0
0
0
0
0
0
0
0
4.942043386e-05
4.941439252e-05
0
0
0
0
0
0
0
0
0
0
0
0
0
0
0
0
0
0
0
0
4.942418272e-05
4.941743754e-05
0
0
0
0
0
0
0
0
0
0
0
0
0
0
0
0
0
0
0
0
4.942685352e-05
4.942037569e-05
0
0
0
0
0
0
0
0
0
0
0
0
0
0
0
0
0
0
0
0
4.942997788e-05
4.94231671e-05
0
0
0
0
0
0
0
0
0
0
0
0
0
0
0
0
0
0
0
0
4.94325202e-05
4.942579803e-05
0
0
0
0
0
0
0
0
0
0
0
0
0
0
0
0
0
0
0
0
4.943509951e-05
4.942831574e-05
0
0
0
0
0
0
0
0
0
0
0
0
0
0
0
0
0
0
0
0
4.943742094e-05
4.943075744e-05
0
0
0
0
0
0
0
0
0
0
0
0
0
0
0
0
0
0
0
0
4.943969778e-05
4.943299025e-05
0
0
0
0
0
0
0
0
0
0
0
0
0
0
0
0
0
0
0
0
4.944191142e-05
4.943509255e-05
0
0
0
0
0
0
0
0
0
0
0
0
0
0
0
0
0
0
0
0
4.944388517e-05
4.943717262e-05
0
0
0
0
0
0
0
0
0
0
0
0
0
0
0
0
0
0
0
0
4.944616714e-05
4.943918551e-05
0
0
0
0
0
0
0
0
0
0
0
0
0
0
0
0
0
0
0
0
4.944834033e-05
4.94412356e-05
0
0
0
0
0
0
0
0
0
0
0
0
0
0
0
0
0
0
0
0
4.945066728e-05
4.944330717e-05
0
0
0
0
0
0
0
0
0
0
0
0
0
0
0
0
0
0
0
0
4.945313815e-05
4.944540889e-05
0
0
0
0
0
0
0
0
0
0
0
0
0
0
0
0
0
0
0
0
4.945576268e-05
4.944752826e-05
0
0
0
0
0
0
0
0
0
0
0
0
0
0
0
0
0
0
0
0
4.945824227e-05
4.944966376e-05
0
0
0
0
0
0
0
0
0
0
0
0
0
0
0
0
0
0
0
0
4.946036783e-05
4.945187472e-05
0
0
0
0
0
0
0
0
0
0
0
0
0
0
0
0
0
0
0
0
4.946369622e-05
4.945411947e-05
0
0
0
0
0
0
0
0
0
0
0
0
0
0
0
0
0
0
0
0
4.94668451e-05
4.945640721e-05
0
0
0
0
0
0
0
0
0
0
0
0
0
0
0
0
0
0
0
0
4.947063239e-05
4.945869422e-05
0
0
0
0
0
0
0
0
0
0
0
0
0
0
0
0
0
0
0
0
4.947498127e-05
4.946105029e-05
0
0
0
0
0
0
0
0
0
0
0
0
0
0
0
0
0
0
0
0
4.947983059e-05
4.946338895e-05
0
0
0
0
0
0
0
0
0
0
0
0
0
0
0
0
0
0
0
0
4.948601585e-05
4.946576647e-05
0
0
0
0
0
0
0
0
0
0
0
0
0
0
0
0
0
0
0
0
4.949046361e-05
4.946812993e-05
0
0
0
0
0
0
0
0
0
0
0
0
0
0
0
0
0
0
0
0
4.949287889e-05
4.947047738e-05
0
0
0
0
0
0
0
0
0
0
0
0
0
0
0
0
0
0
0
0
4.949520518e-05
4.947290127e-05
0
0
0
0
0
0
0
0
0
0
0
0
0
0
0
0
0
0
0
0
4.950463627e-05
4.947536593e-05
0
0
0
0
0
0
0
0
0
0
0
0
0
0
0
0
0
0
0
0
4.951030093e-05
4.94779521e-05
0
0
0
0
0
0
0
0
0
0
0
0
0
0
0
0
0
0
0
0
4.951326433e-05
4.948043825e-05
0
0
0
0
0
0
0
0
0
0
0
0
0
0
0
0
0
0
0
0
4.952847758e-05
4.94833823e-05
0
0
0
0
0
0
0
0
0
0
0
0
0
0
0
0
0
0
0
0
4.953900376e-05
4.948596685e-05
0
0
0
0
0
0
0
0
0
0
0
0
0
0
0
0
0
0
0
0
4.955407834e-05
4.948921605e-05
0
0
0
0
0
0
0
0
0
0
0
0
0
0
0
0
0
0
0
0
4.956131544e-05
4.949242624e-05
0
0
0
0
0
0
0
0
0
0
0
0
0
0
0
0
0
0
0
0
4.956141628e-05
4.949524333e-05
0
0
0
0
0
0
0
0
0
0
0
0
0
0
0
0
0
0
0
0
4.95449229e-05
4.949158743e-05
0
0
0
0
0
0
0
0
0
0
0
0
0
0
0
0
0
0
0
0
0
0
0
0
0
0
0
0
0
0
0
0
0
0
0
0
0
0
0
0
0
0
0
0
0
0
0
0
0
0
0
0
0
0
0
0
0
0
0
0
0
0
0
0
0
0
0
0
0
0
0
0
0
0
0
0
0
0
0
0
0
0
0
0
0
0
0
0
0
0
0
0
0
0
0
0
0
0
0
0
0
0
0
0
0
0
0
0
0
0
5.013296618e-05
4.9491809e-05
4.949014023e-05
4.948975049e-05
0
0
0
0
0
0
0
0
0
)
;

boundaryField
{
    inlet
    {
        type            calculated;
        value           uniform 0;
    }
    frontandback
    {
        type            empty;
    }
    walls
    {
        type            calculated;
        value           uniform 0;
    }
    outlet
    {
        type            calculated;
        value           uniform 0;
    }
}


// ************************************************************************* //
