/*--------------------------------*- C++ -*----------------------------------*\
  =========                 |
  \\      /  F ield         | OpenFOAM: The Open Source CFD Toolbox
   \\    /   O peration     | Website:  https://openfoam.org
    \\  /    A nd           | Version:  9
     \\/     M anipulation  |
\*---------------------------------------------------------------------------*/
FoamFile
{
    format      ascii;
    class       volScalarField;
    location    "10";
    object      pi_gas_gas12;
}
// * * * * * * * * * * * * * * * * * * * * * * * * * * * * * * * * * * * * * //

dimensions      [1 -1 -2 0 0 0 0];

internalField   nonuniform List<scalar> 
2215
(
0
0
0
0
0
0
0
0
0
0
0
0
0
0
0
0
0
0
0
0
0
0
0
0
0
0
0
0
0
0
0
0
0
0
0
0
0
0
0
0
0
0
0
0
0
0
0
0
0
0
0
0
0
0
0
0
0
0
0
0
0
0
0
0
0
0
0
0
0
0
0
0
0
0
0
0
0
0
0
0
0
0
0
0
0
0
0
0
0
0
0
0
0
0
0
0
0
0
0
0
0
0
0
0
0
0
0
0
0
0
0
0
0
0
0
0
0
0
0
0
0
0
0
0
0
0
0
0
0
0
0
0
0
0
0
0
0
0
0
0
0
0
0
0
0
0
0
0
0
0
0
0
0
0
0
0
0
0
0
0
0
0
0
0
0
0
0
0
0
0
0
0
0
0
0
0
0
0
0
0
0
0
0
0
0
0
0
0
0
0
0
0
0
0
0
0
0
0
0
0
0
0
0
0
0
0
0
0
0
0
0
0
0
0
0
0
0
0
0
0
0
0
0
0
0
0
0
0
0
0
0
0
0
0
0
0
0
0
0
0
0
0
0
0
0
0
0
0
0
0
0
0
0
0
0
0
0
0
0
0
0
0
0
0
0
0
0
0
0
0
0
0
0
0
0
0
0
0
0
0
0
0
0
0
0
0
0
0
0
0
0
0
0
0
0
0
0
0
0
0
0
0
0
0
0
0
0
0
0
0
0
0
0
0
0
0
0
0
0
0
0
0
0
0
0
0
0
0
0
0
0
0
0
0
0
0
0
0
0
0
0
0
0
0
0
0
0
0
0
0
0
0
0
0
0
0
0
0
0
0
0
0
0
0
0
0
0
0
0
0
0
0
0
0
0
0
0
0
0
0
0
0
0
0
0
0
0
0
0
0
0
0
0
0
0
0
0
0
0
0
0
0
0
0
0
0
0
0
0
0
0
0
0
0
0
0
0
0
0
0
0
0
0
0
0
0
0
0
0
0
0
0
0
0
0
0
0
0
0
0
0
0
0
0
0
0
0
0
0
0
0
0
0
0
0
0
0
0
0
0
0
0
0
0
0
0
0
0
0
0
0
0
0
0
0
0
0
0
0
0
0
0
0
0
0
0
0
0
0
0
0
0
0
0
0
0
0
0
0
0
0
0
0
0
0
0
0
0
0
0
0
0
0
0
0
0
0
0
0
0
0
0
0
0
0
0
0
0
0
0
0
0
0
0
0
0
0
0
0
0
0
0
0
0
0
0
0
0
0
0
0
0
0
0
0
0
0
0
0
0
0
0
0
0
0
0
0
0
0
0
0
0
0
0
0
0
0
0
0
0
0
0
0
0
0
0
0
0
0
0
0
0
0
0
0
0
0
0
0
0
0
0
0
0
0
0
0
0
0
0
0
0
0
0
0
0
0
0
0
0
0
0
0
0
0
0
0
0
0
0
0
0
0
0
0
0
0
0
0
0
0
0
0
0
0
0
0
0
0
0
0
0
0
0
0
0
0
0
0
0
0
0
0
0
0
0
0
0
0
0
0
0
0
0
0
0
0
0
0
0
0
0
0
0
0
0
0
0
0
0
0
0
0
0
0
0
0
0
0
0
0
0
0
0
0
0
0
0
0
0
0
0
0
0
0
0
0
0
0
0
0
0
0
0
0
0
0
0
0
0
0
0
0
0
0
0
0
0
0
0
0
0
0
0
0
0
0
0
0
0
0
0
0
0
0
0
0
0
0
0
0
0
0
0
0
0
0
0
0
0
0
0
0
0
0
0
0
0
0
0
0
0
0
0
0
0
0
0
0
0
0
0
0
0
0
0
0
0
0
0
0
0
0
0
0
0
0
0
0
0
0
0
0
0
0
0
0
0
0
0
0
0
0
0
0
0
0
0
0
0
0
0
0
0
0
0
0
0
0
0
0
0
0
0
0
0
0
0
0
0
0
0
0
0
0
0
0
0
0
0
0
0
0
0
0
0
0
0
0
0
0
0
0
0
0
0
0
0
0
0
0
0
0
0
0
0
0
0
0
0
0
0
0
0
0
0
0
0
0
0
0
0
0
0
0
0
0
0
0
0
0
0
0
0
0
0
0
0
0
0
0
0
0
0
0
2.516738611e-09
2.516924298e-09
2.516905658e-09
2.5167223e-09
2.516154582e-09
2.515975636e-09
0
0
0
0
0
0
0
0
0
0
0
0
0
0
0
2.517477208e-09
2.517178357e-09
2.517134816e-09
2.517237543e-09
2.517387141e-09
2.51712029e-09
2.516746441e-09
2.516347518e-09
2.515203957e-09
0
0
0
0
0
0
0
0
0
0
0
0
0
2.51805338e-09
2.517781434e-09
2.517835829e-09
2.517883678e-09
2.517972749e-09
2.5175208e-09
2.517442691e-09
2.516913672e-09
2.516546495e-09
2.516052903e-09
0
0
0
0
0
0
0
0
0
0
0
0
2.517771101e-09
2.517806672e-09
2.518003465e-09
2.518225302e-09
2.518398067e-09
2.518376987e-09
2.518257549e-09
2.51760834e-09
2.516959242e-09
2.516673039e-09
2.516018878e-09
0
0
0
0
0
0
0
0
0
0
0
2.517820192e-09
2.517936643e-09
2.518332444e-09
2.518563159e-09
2.518666877e-09
2.518646812e-09
2.518597712e-09
2.518272019e-09
2.517699703e-09
2.517082362e-09
2.516557506e-09
2.51563806e-09
0
0
0
0
0
0
0
0
0
0
2.517827921e-09
2.518095632e-09
2.518563562e-09
2.518684212e-09
2.518730389e-09
2.518723509e-09
2.518718965e-09
2.518636985e-09
2.5181718e-09
2.517408456e-09
2.516948239e-09
2.516484033e-09
2.515413682e-09
0
0
0
0
0
0
0
0
0
2.517824634e-09
2.518270991e-09
2.518661864e-09
2.518804919e-09
0
0
0
2.518801741e-09
2.518546465e-09
2.517973583e-09
2.51729724e-09
2.516842805e-09
2.516486122e-09
2.514749645e-09
2.515428132e-09
2.51691359e-09
2.516636124e-09
2.516041946e-09
2.51459116e-09
2.515684769e-09
2.516597994e-09
2.515411999e-09
2.517835018e-09
2.51845868e-09
2.518800432e-09
2.518918153e-09
0
0
0
0
2.518820295e-09
2.518361243e-09
2.517767855e-09
2.517208089e-09
2.516889825e-09
2.516601863e-09
2.517141275e-09
2.517382588e-09
2.51740884e-09
2.5172426e-09
2.51733128e-09
2.517314609e-09
2.517328324e-09
2.517313835e-09
2.517867128e-09
0
2.518889122e-09
0
0
0
0
0
2.518976841e-09
2.518710612e-09
2.518259917e-09
2.517669913e-09
2.517295964e-09
2.517253488e-09
2.517527408e-09
2.517538395e-09
0
0
0
0
0
0
0
0
0
0
0
0
0
0
0
2.519019803e-09
2.518560963e-09
2.518191498e-09
2.51790352e-09
2.517580671e-09
2.51767937e-09
0
0
0
0
0
0
0
2.517950225e-09
0
2.519088753e-09
0
0
0
0
0
0
0
2.519037541e-09
2.518570641e-09
2.518346086e-09
2.518012762e-09
0
0
0
0
0
0
0
0
2.518026492e-09
2.51893871e-09
2.519188986e-09
0
0
0
0
0
0
0
0
2.518850043e-09
2.518751854e-09
2.518636682e-09
0
0
0
0
0
0
0
0
2.518094651e-09
2.519050887e-09
2.519284485e-09
0
0
0
0
0
0
0
0
0
2.51918238e-09
0
0
0
0
0
0
0
0
0
2.518194539e-09
2.519171726e-09
0
0
0
0
0
0
0
0
0
0
0
0
0
0
0
0
0
0
0
0
2.51828593e-09
2.519275895e-09
0
0
0
0
0
0
0
0
0
0
0
0
0
0
0
0
0
0
0
0
2.518389926e-09
2.519393274e-09
0
0
0
0
0
0
0
0
0
0
0
0
0
0
0
0
0
0
0
0
2.518522555e-09
2.519518191e-09
0
0
0
0
0
0
0
0
0
0
0
0
0
0
0
0
0
0
0
0
2.518621104e-09
2.519646766e-09
0
0
0
0
0
0
0
0
0
0
0
0
0
0
0
0
0
0
0
0
2.518310973e-09
2.517274313e-09
0
0
0
0
0
0
0
0
0
0
0
0
0
0
0
0
0
0
0
0
2.516208268e-09
2.517309087e-09
0
0
0
0
0
0
0
0
0
0
0
0
0
0
0
0
0
0
0
0
2.515920301e-09
2.517401006e-09
0
0
0
0
0
0
0
0
0
0
0
0
0
0
0
0
0
0
0
0
2.516055244e-09
2.517505092e-09
0
0
0
0
0
0
0
0
0
0
0
0
0
0
0
0
0
0
0
0
2.516176229e-09
2.517616075e-09
0
0
0
0
0
0
0
0
0
0
0
0
0
0
0
0
0
0
0
0
2.516242061e-09
2.517712187e-09
0
0
0
0
0
0
0
0
0
0
0
0
0
0
0
0
0
0
0
0
2.516321734e-09
2.517815905e-09
0
0
0
0
0
0
0
0
0
0
0
0
0
0
0
0
0
0
0
0
2.516403129e-09
2.517911676e-09
0
0
0
0
0
0
0
0
0
0
0
0
0
0
0
0
0
0
0
0
2.51648977e-09
2.518004519e-09
0
0
0
0
0
0
0
0
0
0
0
0
0
0
0
0
0
0
0
0
2.516573828e-09
2.518102104e-09
0
0
0
0
0
0
0
0
0
0
0
0
0
0
0
0
0
0
0
0
2.516682862e-09
2.518199489e-09
0
0
0
0
0
0
0
0
0
0
0
0
0
0
0
0
0
0
0
0
2.516760665e-09
2.518298304e-09
0
0
0
0
0
0
0
0
0
0
0
0
0
0
0
0
0
0
0
0
2.516849831e-09
2.518397934e-09
0
0
0
0
0
0
0
0
0
0
0
0
0
0
0
0
0
0
0
0
2.516930975e-09
2.51849864e-09
0
0
0
0
0
0
0
0
0
0
0
0
0
0
0
0
0
0
0
0
2.517006591e-09
2.518595314e-09
0
0
0
0
0
0
0
0
0
0
0
0
0
0
0
0
0
0
0
0
2.517067839e-09
2.518695752e-09
0
0
0
0
0
0
0
0
0
0
0
0
0
0
0
0
0
0
0
0
2.517136187e-09
2.518794853e-09
0
0
0
0
0
0
0
0
0
0
0
0
0
0
0
0
0
0
0
0
2.517224656e-09
2.518885836e-09
0
0
0
0
0
0
0
0
0
0
0
0
0
0
0
0
0
0
0
0
2.517223032e-09
2.518980729e-09
0
0
0
0
0
0
0
0
0
0
0
0
0
0
0
0
0
0
0
0
2.517240954e-09
2.519073838e-09
0
0
0
0
0
0
0
0
0
0
0
0
0
0
0
0
0
0
0
0
2.517202642e-09
2.51916452e-09
0
0
0
0
0
0
0
0
0
0
0
0
0
0
0
0
0
0
0
0
2.517137983e-09
2.519256166e-09
0
0
0
0
0
0
0
0
0
0
0
0
0
0
0
0
0
0
0
0
2.517042061e-09
2.519349023e-09
0
0
0
0
0
0
0
0
0
0
0
0
0
0
0
0
0
0
0
0
2.51689663e-09
2.519437317e-09
0
0
0
0
0
0
0
0
0
0
0
0
0
0
0
0
0
0
0
0
2.51682907e-09
2.519532302e-09
0
0
0
0
0
0
0
0
0
0
0
0
0
0
0
0
0
0
0
0
2.516917175e-09
2.519628143e-09
0
0
0
0
0
0
0
0
0
0
0
0
0
0
0
0
0
0
0
0
2.51714149e-09
2.519715961e-09
0
0
0
0
0
0
0
0
0
0
0
0
0
0
0
0
0
0
0
0
2.516616423e-09
2.51980721e-09
0
0
0
0
0
0
0
0
0
0
0
0
0
0
0
0
0
0
0
0
2.516402252e-09
2.519879863e-09
0
0
0
0
0
0
0
0
0
0
0
0
0
0
0
0
0
0
0
0
2.51647025e-09
2.519977821e-09
0
0
0
0
0
0
0
0
0
0
0
0
0
0
0
0
0
0
0
0
2.51529949e-09
2.520029853e-09
0
0
0
0
0
0
0
0
0
0
0
0
0
0
0
0
0
0
0
0
2.514812269e-09
2.520134463e-09
0
0
0
0
0
0
0
0
0
0
0
0
0
0
0
0
0
0
0
0
2.513876941e-09
2.520177087e-09
0
0
0
0
0
0
0
0
0
0
0
0
0
0
0
0
0
0
0
0
2.513722596e-09
2.520241933e-09
0
0
0
0
0
0
0
0
0
0
0
0
0
0
0
0
0
0
0
0
2.514107489e-09
2.520296043e-09
0
0
0
0
0
0
0
0
0
0
0
0
0
0
0
0
0
0
0
0
2.516363252e-09
2.520974077e-09
0
0
0
0
0
0
0
0
0
0
0
0
0
0
0
0
0
0
0
0
0
0
0
0
0
0
0
0
0
0
0
0
0
0
0
0
0
0
0
0
0
0
0
0
0
0
0
0
0
0
0
0
0
0
0
0
0
0
0
0
0
0
0
0
0
0
0
0
0
0
0
0
0
0
0
0
0
0
0
0
0
0
0
0
0
0
0
0
0
0
0
0
0
0
0
0
0
0
0
0
0
0
0
0
0
0
0
0
0
0
2.462814498e-09
2.521186472e-09
2.521730289e-09
2.521644687e-09
0
0
0
0
0
0
0
0
0
)
;

boundaryField
{
    inlet
    {
        type            calculated;
        value           uniform 0;
    }
    frontandback
    {
        type            empty;
    }
    walls
    {
        type            calculated;
        value           uniform 0;
    }
    outlet
    {
        type            calculated;
        value           uniform 0;
    }
}


// ************************************************************************* //
