/*--------------------------------*- C++ -*----------------------------------*\
  =========                 |
  \\      /  F ield         | OpenFOAM: The Open Source CFD Toolbox
   \\    /   O peration     | Website:  https://openfoam.org
    \\  /    A nd           | Version:  9
     \\/     M anipulation  |
\*---------------------------------------------------------------------------*/
FoamFile
{
    format      ascii;
    class       volScalarField;
    location    "10";
    object      pi_gas_gas5;
}
// * * * * * * * * * * * * * * * * * * * * * * * * * * * * * * * * * * * * * //

dimensions      [1 -1 -2 0 0 0 0];

internalField   nonuniform List<scalar> 
2215
(
0
0
0
0
0
0
0
0
0
0
0
0
0
0
0
0
0
0
0
0
0
0
0
0
0
0
0
0
0
0
0
0
0
0
0
0
0
0
0
0
0
0
0
0
0
0
0
0
0
0
0
0
0
0
0
0
0
0
0
0
0
0
0
0
0
0
0
0
0
0
0
0
0
0
0
0
0
0
0
0
0
0
0
0
0
0
0
0
0
0
0
0
0
0
0
0
0
0
0
0
0
0
0
0
0
0
0
0
0
0
0
0
0
0
0
0
0
0
0
0
0
0
0
0
0
0
0
0
0
0
0
0
0
0
0
0
0
0
0
0
0
0
0
0
0
0
0
0
0
0
0
0
0
0
0
0
0
0
0
0
0
0
0
0
0
0
0
0
0
0
0
0
0
0
0
0
0
0
0
0
0
0
0
0
0
0
0
0
0
0
0
0
0
0
0
0
0
0
0
0
0
0
0
0
0
0
0
0
0
0
0
0
0
0
0
0
0
0
0
0
0
0
0
0
0
0
0
0
0
0
0
0
0
0
0
0
0
0
0
0
0
0
0
0
0
0
0
0
0
0
0
0
0
0
0
0
0
0
0
0
0
0
0
0
0
0
0
0
0
0
0
0
0
0
0
0
0
0
0
0
0
0
0
0
0
0
0
0
0
0
0
0
0
0
0
0
0
0
0
0
0
0
0
0
0
0
0
0
0
0
0
0
0
0
0
0
0
0
0
0
0
0
0
0
0
0
0
0
0
0
0
0
0
0
0
0
0
0
0
0
0
0
0
0
0
0
0
0
0
0
0
0
0
0
0
0
0
0
0
0
0
0
0
0
0
0
0
0
0
0
0
0
0
0
0
0
0
0
0
0
0
0
0
0
0
0
0
0
0
0
0
0
0
0
0
0
0
0
0
0
0
0
0
0
0
0
0
0
0
0
0
0
0
0
0
0
0
0
0
0
0
0
0
0
0
0
0
0
0
0
0
0
0
0
0
0
0
0
0
0
0
0
0
0
0
0
0
0
0
0
0
0
0
0
0
0
0
0
0
0
0
0
0
0
0
0
0
0
0
0
0
0
0
0
0
0
0
0
0
0
0
0
0
0
0
0
0
0
0
0
0
0
0
0
0
0
0
0
0
0
0
0
0
0
0
0
0
0
0
0
0
0
0
0
0
0
0
0
0
0
0
0
0
0
0
0
0
0
0
0
0
0
0
0
0
0
0
0
0
0
0
0
0
0
0
0
0
0
0
0
0
0
0
0
0
0
0
0
0
0
0
0
0
0
0
0
0
0
0
0
0
0
0
0
0
0
0
0
0
0
0
0
0
0
0
0
0
0
0
0
0
0
0
0
0
0
0
0
0
0
0
0
0
0
0
0
0
0
0
0
0
0
0
0
0
0
0
0
0
0
0
0
0
0
0
0
0
0
0
0
0
0
0
0
0
0
0
0
0
0
0
0
0
0
0
0
0
0
0
0
0
0
0
0
0
0
0
0
0
0
0
0
0
0
0
0
0
0
0
0
0
0
0
0
0
0
0
0
0
0
0
0
0
0
0
0
0
0
0
0
0
0
0
0
0
0
0
0
0
0
0
0
0
0
0
0
0
0
0
0
0
0
0
0
0
0
0
0
0
0
0
0
0
0
0
0
0
0
0
0
0
0
0
0
0
0
0
0
0
0
0
0
0
0
0
0
0
0
0
0
0
0
0
0
0
0
0
0
0
0
0
0
0
0
0
0
0
0
0
0
0
0
0
0
0
0
0
0
0
0
0
0
0
0
0
0
0
0
0
0
0
0
0
0
0
0
0
0
0
0
0
0
0
0
0
0
0
0
0
0
0
0
0
0
0
0
0
0
0
0
0
0
0
0
0
0
0
0
0
0
0
0
0
0
0
0
0
0
0
0
0
0
0
0
0
0
0
0
0
0
0
0
0
0
0
0
0
0
0
0
0
0
0
0
0
0
0
0
0
0
0
0
0
0
0
0
0
0
0
0
0
0
0
0
0
0
0
0
0
0
0
0
0
0
0
0
0
0
0
0
0
0
0
0
0
0
0
0
0
0
0
0
0
0
0
0
0
0
0
0
0
0
0
0
0
234.7699706
240.5910229
242.2430836
238.2350391
235.4696193
235.7564947
0
0
0
0
0
0
0
0
0
0
0
0
0
0
0
244.9017864
236.1589284
236.1754889
245.1277594
241.047949
235.3957832
238.0165252
234.9261925
234.9914575
0
0
0
0
0
0
0
0
0
0
0
0
0
357.851926
323.3754087
317.3553278
321.0741959
337.572312
237.32845
239.7998034
239.335931
233.6520432
235.5891215
0
0
0
0
0
0
0
0
0
0
0
0
299.5212785
287.8852087
290.3712938
296.003875
308.777204
329.7488256
362.2898663
239.6592087
238.5355304
235.9707494
233.9492693
0
0
0
0
0
0
0
0
0
0
0
272.5791991
267.1134961
267.5640409
274.6223725
286.5487067
314.9529409
342.1153305
237.2993319
240.511081
236.7074951
233.9921517
234.9941575
0
0
0
0
0
0
0
0
0
0
255.903325
250.4298744
251.792947
257.9435447
275.5243433
306.6298382
348.7047201
376.8311023
239.0276193
237.5386966
236.6616102
234.200436
233.8864325
0
0
0
0
0
0
0
0
0
243.2024555
242.9782186
246.5145733
249.990557
0
0
0
396.7477539
245.5073676
239.1099235
233.3065671
236.2849614
236.742378
236.6423838
235.0144311
236.8264825
236.2952905
236.6793008
243.7627108
234.6639406
234.9765941
235.5937523
237.2073974
235.7798062
239.4785483
244.6233097
0
0
0
0
236.2647163
239.385674
238.7263225
233.3948485
233.6931115
237.3724579
237.3467531
235.0964209
236.9745699
237.9402365
238.2058781
239.9617215
237.6077272
233.4938284
235.8440796
0
236.1976751
0
0
0
0
0
233.9966048
242.1235092
233.9809347
238.0851498
236.8787358
235.3065846
238.8107525
256.0624011
0
0
0
0
0
0
0
0
0
0
0
0
0
0
0
235.3743626
239.3228
233.3851631
237.4725497
241.3440514
240.9507739
0
0
0
0
0
0
0
238.1152951
0
246.0744964
0
0
0
0
0
0
0
233.0693032
240.6563175
234.3287159
245.4224532
0
0
0
0
0
0
0
0
258.3467469
245.8122425
261.8664104
0
0
0
0
0
0
0
0
233.1119576
507.3683176
507.128699
0
0
0
0
0
0
0
0
283.275355
266.0420472
294.1556905
0
0
0
0
0
0
0
0
0
502.4309126
0
0
0
0
0
0
0
0
0
270.6501496
319.5543671
0
0
0
0
0
0
0
0
0
0
0
0
0
0
0
0
0
0
0
0
358.4982818
407.8480053
0
0
0
0
0
0
0
0
0
0
0
0
0
0
0
0
0
0
0
0
417.0140623
498.6489711
0
0
0
0
0
0
0
0
0
0
0
0
0
0
0
0
0
0
0
0
390.575515
618.6937903
0
0
0
0
0
0
0
0
0
0
0
0
0
0
0
0
0
0
0
0
547.5288538
832.379316
0
0
0
0
0
0
0
0
0
0
0
0
0
0
0
0
0
0
0
0
244.780198
243.914281
0
0
0
0
0
0
0
0
0
0
0
0
0
0
0
0
0
0
0
0
240.4972844
225.0401508
0
0
0
0
0
0
0
0
0
0
0
0
0
0
0
0
0
0
0
0
227.6532538
241.469833
0
0
0
0
0
0
0
0
0
0
0
0
0
0
0
0
0
0
0
0
227.8472522
247.7336248
0
0
0
0
0
0
0
0
0
0
0
0
0
0
0
0
0
0
0
0
252.1383196
259.772411
0
0
0
0
0
0
0
0
0
0
0
0
0
0
0
0
0
0
0
0
234.0554518
290.2714917
0
0
0
0
0
0
0
0
0
0
0
0
0
0
0
0
0
0
0
0
263.6001941
332.0693272
0
0
0
0
0
0
0
0
0
0
0
0
0
0
0
0
0
0
0
0
248.8405206
379.0902063
0
0
0
0
0
0
0
0
0
0
0
0
0
0
0
0
0
0
0
0
285.5165456
427.2719099
0
0
0
0
0
0
0
0
0
0
0
0
0
0
0
0
0
0
0
0
284.2092831
483.5715047
0
0
0
0
0
0
0
0
0
0
0
0
0
0
0
0
0
0
0
0
268.4868122
571.6234325
0
0
0
0
0
0
0
0
0
0
0
0
0
0
0
0
0
0
0
0
381.6266525
709.5199022
0
0
0
0
0
0
0
0
0
0
0
0
0
0
0
0
0
0
0
0
475.5751138
862.5452483
0
0
0
0
0
0
0
0
0
0
0
0
0
0
0
0
0
0
0
0
612.0576976
1062.282869
0
0
0
0
0
0
0
0
0
0
0
0
0
0
0
0
0
0
0
0
787.1861668
1294.440626
0
0
0
0
0
0
0
0
0
0
0
0
0
0
0
0
0
0
0
0
1017.318195
1569.256902
0
0
0
0
0
0
0
0
0
0
0
0
0
0
0
0
0
0
0
0
1189.966227
1750.992573
0
0
0
0
0
0
0
0
0
0
0
0
0
0
0
0
0
0
0
0
1226.319647
2322.985422
0
0
0
0
0
0
0
0
0
0
0
0
0
0
0
0
0
0
0
0
1762.440474
2906.558966
0
0
0
0
0
0
0
0
0
0
0
0
0
0
0
0
0
0
0
0
2156.2013
3565.095516
0
0
0
0
0
0
0
0
0
0
0
0
0
0
0
0
0
0
0
0
2825.319457
4393.38539
0
0
0
0
0
0
0
0
0
0
0
0
0
0
0
0
0
0
0
0
3620.658759
5253.355516
0
0
0
0
0
0
0
0
0
0
0
0
0
0
0
0
0
0
0
0
4539.317277
6049.075767
0
0
0
0
0
0
0
0
0
0
0
0
0
0
0
0
0
0
0
0
5703.392122
7033.748279
0
0
0
0
0
0
0
0
0
0
0
0
0
0
0
0
0
0
0
0
6471.765068
7739.182237
0
0
0
0
0
0
0
0
0
0
0
0
0
0
0
0
0
0
0
0
6581.861603
8363.579909
0
0
0
0
0
0
0
0
0
0
0
0
0
0
0
0
0
0
0
0
6319.031322
9602.352617
0
0
0
0
0
0
0
0
0
0
0
0
0
0
0
0
0
0
0
0
8835.825234
10621.51092
0
0
0
0
0
0
0
0
0
0
0
0
0
0
0
0
0
0
0
0
9907.543464
12811.05316
0
0
0
0
0
0
0
0
0
0
0
0
0
0
0
0
0
0
0
0
10124.99844
13252.14623
0
0
0
0
0
0
0
0
0
0
0
0
0
0
0
0
0
0
0
0
14232.93261
16175.63882
0
0
0
0
0
0
0
0
0
0
0
0
0
0
0
0
0
0
0
0
15722.48201
16186.4142
0
0
0
0
0
0
0
0
0
0
0
0
0
0
0
0
0
0
0
0
17793.61599
17164.71278
0
0
0
0
0
0
0
0
0
0
0
0
0
0
0
0
0
0
0
0
17581.97039
16885.16971
0
0
0
0
0
0
0
0
0
0
0
0
0
0
0
0
0
0
0
0
18198.79775
17186.47553
0
0
0
0
0
0
0
0
0
0
0
0
0
0
0
0
0
0
0
0
17459.91967
17293.62983
0
0
0
0
0
0
0
0
0
0
0
0
0
0
0
0
0
0
0
0
0
0
0
0
0
0
0
0
0
0
0
0
0
0
0
0
0
0
0
0
0
0
0
0
0
0
0
0
0
0
0
0
0
0
0
0
0
0
0
0
0
0
0
0
0
0
0
0
0
0
0
0
0
0
0
0
0
0
0
0
0
0
0
0
0
0
0
0
0
0
0
0
0
0
0
0
0
0
0
0
0
0
0
0
0
0
0
0
0
0
22535.06337
19910.84271
20060.09587
21518.13781
0
0
0
0
0
0
0
0
0
)
;

boundaryField
{
    inlet
    {
        type            calculated;
        value           uniform 0;
    }
    frontandback
    {
        type            empty;
    }
    walls
    {
        type            calculated;
        value           uniform 0;
    }
    outlet
    {
        type            calculated;
        value           uniform 0;
    }
}


// ************************************************************************* //
