/*--------------------------------*- C++ -*----------------------------------*\
  =========                 |
  \\      /  F ield         | OpenFOAM: The Open Source CFD Toolbox
   \\    /   O peration     | Website:  https://openfoam.org
    \\  /    A nd           | Version:  9
     \\/     M anipulation  |
\*---------------------------------------------------------------------------*/
FoamFile
{
    format      ascii;
    class       volScalarField;
    location    "10";
    object      pi_gas_gas8;
}
// * * * * * * * * * * * * * * * * * * * * * * * * * * * * * * * * * * * * * //

dimensions      [1 -1 -2 0 0 0 0];

internalField   nonuniform List<scalar> 
2215
(
0
0
0
0
0
0
0
0
0
0
0
0
0
0
0
0
0
0
0
0
0
0
0
0
0
0
0
0
0
0
0
0
0
0
0
0
0
0
0
0
0
0
0
0
0
0
0
0
0
0
0
0
0
0
0
0
0
0
0
0
0
0
0
0
0
0
0
0
0
0
0
0
0
0
0
0
0
0
0
0
0
0
0
0
0
0
0
0
0
0
0
0
0
0
0
0
0
0
0
0
0
0
0
0
0
0
0
0
0
0
0
0
0
0
0
0
0
0
0
0
0
0
0
0
0
0
0
0
0
0
0
0
0
0
0
0
0
0
0
0
0
0
0
0
0
0
0
0
0
0
0
0
0
0
0
0
0
0
0
0
0
0
0
0
0
0
0
0
0
0
0
0
0
0
0
0
0
0
0
0
0
0
0
0
0
0
0
0
0
0
0
0
0
0
0
0
0
0
0
0
0
0
0
0
0
0
0
0
0
0
0
0
0
0
0
0
0
0
0
0
0
0
0
0
0
0
0
0
0
0
0
0
0
0
0
0
0
0
0
0
0
0
0
0
0
0
0
0
0
0
0
0
0
0
0
0
0
0
0
0
0
0
0
0
0
0
0
0
0
0
0
0
0
0
0
0
0
0
0
0
0
0
0
0
0
0
0
0
0
0
0
0
0
0
0
0
0
0
0
0
0
0
0
0
0
0
0
0
0
0
0
0
0
0
0
0
0
0
0
0
0
0
0
0
0
0
0
0
0
0
0
0
0
0
0
0
0
0
0
0
0
0
0
0
0
0
0
0
0
0
0
0
0
0
0
0
0
0
0
0
0
0
0
0
0
0
0
0
0
0
0
0
0
0
0
0
0
0
0
0
0
0
0
0
0
0
0
0
0
0
0
0
0
0
0
0
0
0
0
0
0
0
0
0
0
0
0
0
0
0
0
0
0
0
0
0
0
0
0
0
0
0
0
0
0
0
0
0
0
0
0
0
0
0
0
0
0
0
0
0
0
0
0
0
0
0
0
0
0
0
0
0
0
0
0
0
0
0
0
0
0
0
0
0
0
0
0
0
0
0
0
0
0
0
0
0
0
0
0
0
0
0
0
0
0
0
0
0
0
0
0
0
0
0
0
0
0
0
0
0
0
0
0
0
0
0
0
0
0
0
0
0
0
0
0
0
0
0
0
0
0
0
0
0
0
0
0
0
0
0
0
0
0
0
0
0
0
0
0
0
0
0
0
0
0
0
0
0
0
0
0
0
0
0
0
0
0
0
0
0
0
0
0
0
0
0
0
0
0
0
0
0
0
0
0
0
0
0
0
0
0
0
0
0
0
0
0
0
0
0
0
0
0
0
0
0
0
0
0
0
0
0
0
0
0
0
0
0
0
0
0
0
0
0
0
0
0
0
0
0
0
0
0
0
0
0
0
0
0
0
0
0
0
0
0
0
0
0
0
0
0
0
0
0
0
0
0
0
0
0
0
0
0
0
0
0
0
0
0
0
0
0
0
0
0
0
0
0
0
0
0
0
0
0
0
0
0
0
0
0
0
0
0
0
0
0
0
0
0
0
0
0
0
0
0
0
0
0
0
0
0
0
0
0
0
0
0
0
0
0
0
0
0
0
0
0
0
0
0
0
0
0
0
0
0
0
0
0
0
0
0
0
0
0
0
0
0
0
0
0
0
0
0
0
0
0
0
0
0
0
0
0
0
0
0
0
0
0
0
0
0
0
0
0
0
0
0
0
0
0
0
0
0
0
0
0
0
0
0
0
0
0
0
0
0
0
0
0
0
0
0
0
0
0
0
0
0
0
0
0
0
0
0
0
0
0
0
0
0
0
0
0
0
0
0
0
0
0
0
0
0
0
0
0
0
0
0
0
0
0
0
0
0
0
0
0
0
0
0
0
0
0
0
0
0
0
0
0
0
0
0
0
0
0
0
0
0
0
0
0
0
0
0
0
0
0
0
0
0
0
0
0
0
0
0
0
0
0
0
0
0
0
0
0
0
0
0
0
0
0
0
0
0
0
0
0
0
0
0
0
0
0
0
0
0
0
0
0
0
0
0
0
0
0
0
0
0
0
0
0
0
0
0
0
0
1.533527455e-05
1.533214656e-05
1.53322215e-05
1.533336823e-05
1.533768505e-05
1.533997059e-05
0
0
0
0
0
0
0
0
0
0
0
0
0
0
0
1.532935351e-05
1.533067452e-05
1.533113171e-05
1.533066401e-05
1.532985719e-05
1.533083115e-05
1.533274651e-05
1.533554271e-05
1.534513778e-05
0
0
0
0
0
0
0
0
0
0
0
0
0
1.53262746e-05
1.532703012e-05
1.532676836e-05
1.532652456e-05
1.532642054e-05
1.532911578e-05
1.532930867e-05
1.533205333e-05
1.533391623e-05
1.533766676e-05
0
0
0
0
0
0
0
0
0
0
0
0
1.532744808e-05
1.5327223e-05
1.532636837e-05
1.53256201e-05
1.532498886e-05
1.532493133e-05
1.5325163e-05
1.53283364e-05
1.53318667e-05
1.533339346e-05
1.533793714e-05
0
0
0
0
0
0
0
0
0
0
0
1.532722095e-05
1.532667862e-05
1.532550124e-05
1.532455055e-05
1.532400701e-05
1.5323981e-05
1.53239602e-05
1.532554918e-05
1.532780471e-05
1.533106889e-05
1.533425309e-05
1.534062929e-05
0
0
0
0
0
0
0
0
0
0
1.532693823e-05
1.532626922e-05
1.532486767e-05
1.532407302e-05
1.532331748e-05
1.532324151e-05
1.532339414e-05
1.53238067e-05
1.532578801e-05
1.532952419e-05
1.533214601e-05
1.533491012e-05
1.534279721e-05
0
0
0
0
0
0
0
0
0
1.532692822e-05
1.532623031e-05
1.53245531e-05
1.532343503e-05
0
0
0
1.532336303e-05
1.53246313e-05
1.532667134e-05
1.533021494e-05
1.533303552e-05
1.533560401e-05
1.534875478e-05
1.534396755e-05
1.533361175e-05
1.533573064e-05
1.534019119e-05
1.534835243e-05
1.534242813e-05
1.533580607e-05
1.53446261e-05
1.532698515e-05
1.532582556e-05
1.532420796e-05
1.532355363e-05
0
0
0
0
1.532389468e-05
1.53255124e-05
1.532817956e-05
1.53311336e-05
1.533321662e-05
1.533579416e-05
1.533205042e-05
1.533022912e-05
1.533010761e-05
1.533109859e-05
1.533067491e-05
1.533073636e-05
1.533065825e-05
1.533077487e-05
1.532717048e-05
0
1.532433535e-05
0
0
0
0
0
1.532372781e-05
1.532471821e-05
1.53262742e-05
1.532923264e-05
1.533161729e-05
1.533163647e-05
1.533028707e-05
1.533043839e-05
0
0
0
0
0
0
0
0
0
0
0
0
0
0
0
1.53242083e-05
1.532596642e-05
1.532747951e-05
1.532906046e-05
1.533077427e-05
1.533121192e-05
0
0
0
0
0
0
0
1.532769709e-05
0
1.532497971e-05
0
0
0
0
0
0
0
1.532489986e-05
1.532684161e-05
1.532796811e-05
1.532989687e-05
0
0
0
0
0
0
0
0
1.5328156e-05
1.532622187e-05
1.532542234e-05
0
0
0
0
0
0
0
0
1.532662824e-05
1.532651596e-05
1.532787536e-05
0
0
0
0
0
0
0
0
1.532864086e-05
1.532662801e-05
1.532592627e-05
0
0
0
0
0
0
0
0
0
1.532653298e-05
0
0
0
0
0
0
0
0
0
1.532918703e-05
1.532715312e-05
0
0
0
0
0
0
0
0
0
0
0
0
0
0
0
0
0
0
0
0
1.532987482e-05
1.532781693e-05
0
0
0
0
0
0
0
0
0
0
0
0
0
0
0
0
0
0
0
0
1.533050271e-05
1.532842454e-05
0
0
0
0
0
0
0
0
0
0
0
0
0
0
0
0
0
0
0
0
1.533129518e-05
1.53291605e-05
0
0
0
0
0
0
0
0
0
0
0
0
0
0
0
0
0
0
0
0
1.53321417e-05
1.532992705e-05
0
0
0
0
0
0
0
0
0
0
0
0
0
0
0
0
0
0
0
0
1.533721197e-05
1.5341664e-05
0
0
0
0
0
0
0
0
0
0
0
0
0
0
0
0
0
0
0
0
1.534786572e-05
1.534293165e-05
0
0
0
0
0
0
0
0
0
0
0
0
0
0
0
0
0
0
0
0
1.535002468e-05
1.534401376e-05
0
0
0
0
0
0
0
0
0
0
0
0
0
0
0
0
0
0
0
0
1.535085184e-05
1.534502547e-05
0
0
0
0
0
0
0
0
0
0
0
0
0
0
0
0
0
0
0
0
1.535191157e-05
1.53459604e-05
0
0
0
0
0
0
0
0
0
0
0
0
0
0
0
0
0
0
0
0
1.535283488e-05
1.534685993e-05
0
0
0
0
0
0
0
0
0
0
0
0
0
0
0
0
0
0
0
0
1.535374635e-05
1.534769523e-05
0
0
0
0
0
0
0
0
0
0
0
0
0
0
0
0
0
0
0
0
1.535454437e-05
1.534851607e-05
0
0
0
0
0
0
0
0
0
0
0
0
0
0
0
0
0
0
0
0
1.535531536e-05
1.534925543e-05
0
0
0
0
0
0
0
0
0
0
0
0
0
0
0
0
0
0
0
0
1.535606627e-05
1.53499289e-05
0
0
0
0
0
0
0
0
0
0
0
0
0
0
0
0
0
0
0
0
1.535666075e-05
1.535059398e-05
0
0
0
0
0
0
0
0
0
0
0
0
0
0
0
0
0
0
0
0
1.535745655e-05
1.535122726e-05
0
0
0
0
0
0
0
0
0
0
0
0
0
0
0
0
0
0
0
0
1.535818038e-05
1.535187484e-05
0
0
0
0
0
0
0
0
0
0
0
0
0
0
0
0
0
0
0
0
1.535898798e-05
1.535252888e-05
0
0
0
0
0
0
0
0
0
0
0
0
0
0
0
0
0
0
0
0
1.535987004e-05
1.535320491e-05
0
0
0
0
0
0
0
0
0
0
0
0
0
0
0
0
0
0
0
0
1.53608488e-05
1.535387965e-05
0
0
0
0
0
0
0
0
0
0
0
0
0
0
0
0
0
0
0
0
1.536174835e-05
1.535456403e-05
0
0
0
0
0
0
0
0
0
0
0
0
0
0
0
0
0
0
0
0
1.536244833e-05
1.535529894e-05
0
0
0
0
0
0
0
0
0
0
0
0
0
0
0
0
0
0
0
0
1.536386405e-05
1.53560391e-05
0
0
0
0
0
0
0
0
0
0
0
0
0
0
0
0
0
0
0
0
1.536516033e-05
1.535680167e-05
0
0
0
0
0
0
0
0
0
0
0
0
0
0
0
0
0
0
0
0
1.536685234e-05
1.535756923e-05
0
0
0
0
0
0
0
0
0
0
0
0
0
0
0
0
0
0
0
0
1.536884876e-05
1.535836429e-05
0
0
0
0
0
0
0
0
0
0
0
0
0
0
0
0
0
0
0
0
1.537112963e-05
1.535914942e-05
0
0
0
0
0
0
0
0
0
0
0
0
0
0
0
0
0
0
0
0
1.537410749e-05
1.535996142e-05
0
0
0
0
0
0
0
0
0
0
0
0
0
0
0
0
0
0
0
0
1.537615669e-05
1.536075284e-05
0
0
0
0
0
0
0
0
0
0
0
0
0
0
0
0
0
0
0
0
1.537698873e-05
1.536153567e-05
0
0
0
0
0
0
0
0
0
0
0
0
0
0
0
0
0
0
0
0
1.537750534e-05
1.536236895e-05
0
0
0
0
0
0
0
0
0
0
0
0
0
0
0
0
0
0
0
0
1.538270126e-05
1.536321301e-05
0
0
0
0
0
0
0
0
0
0
0
0
0
0
0
0
0
0
0
0
1.538558101e-05
1.53641491e-05
0
0
0
0
0
0
0
0
0
0
0
0
0
0
0
0
0
0
0
0
1.538669682e-05
1.536498592e-05
0
0
0
0
0
0
0
0
0
0
0
0
0
0
0
0
0
0
0
0
1.539577356e-05
1.536612367e-05
0
0
0
0
0
0
0
0
0
0
0
0
0
0
0
0
0
0
0
0
1.540138109e-05
1.536698868e-05
0
0
0
0
0
0
0
0
0
0
0
0
0
0
0
0
0
0
0
0
1.540992441e-05
1.536828111e-05
0
0
0
0
0
0
0
0
0
0
0
0
0
0
0
0
0
0
0
0
1.541339855e-05
1.536950621e-05
0
0
0
0
0
0
0
0
0
0
0
0
0
0
0
0
0
0
0
0
1.541259459e-05
1.537058764e-05
0
0
0
0
0
0
0
0
0
0
0
0
0
0
0
0
0
0
0
0
1.540056517e-05
1.536752441e-05
0
0
0
0
0
0
0
0
0
0
0
0
0
0
0
0
0
0
0
0
0
0
0
0
0
0
0
0
0
0
0
0
0
0
0
0
0
0
0
0
0
0
0
0
0
0
0
0
0
0
0
0
0
0
0
0
0
0
0
0
0
0
0
0
0
0
0
0
0
0
0
0
0
0
0
0
0
0
0
0
0
0
0
0
0
0
0
0
0
0
0
0
0
0
0
0
0
0
0
0
0
0
0
0
0
0
0
0
0
0
1.577420044e-05
1.536607502e-05
1.536526735e-05
1.536516087e-05
0
0
0
0
0
0
0
0
0
)
;

boundaryField
{
    inlet
    {
        type            calculated;
        value           uniform 0;
    }
    frontandback
    {
        type            empty;
    }
    walls
    {
        type            calculated;
        value           uniform 0;
    }
    outlet
    {
        type            calculated;
        value           uniform 0;
    }
}


// ************************************************************************* //
