/*--------------------------------*- C++ -*----------------------------------*\
  =========                 |
  \\      /  F ield         | OpenFOAM: The Open Source CFD Toolbox
   \\    /   O peration     | Website:  https://openfoam.org
    \\  /    A nd           | Version:  9
     \\/     M anipulation  |
\*---------------------------------------------------------------------------*/
FoamFile
{
    format      ascii;
    class       volScalarField;
    location    "10";
    object      pi_gas_gas13;
}
// * * * * * * * * * * * * * * * * * * * * * * * * * * * * * * * * * * * * * //

dimensions      [1 -1 -2 0 0 0 0];

internalField   nonuniform List<scalar> 
2215
(
0
0
0
0
0
0
0
0
0
0
0
0
0
0
0
0
0
0
0
0
0
0
0
0
0
0
0
0
0
0
0
0
0
0
0
0
0
0
0
0
0
0
0
0
0
0
0
0
0
0
0
0
0
0
0
0
0
0
0
0
0
0
0
0
0
0
0
0
0
0
0
0
0
0
0
0
0
0
0
0
0
0
0
0
0
0
0
0
0
0
0
0
0
0
0
0
0
0
0
0
0
0
0
0
0
0
0
0
0
0
0
0
0
0
0
0
0
0
0
0
0
0
0
0
0
0
0
0
0
0
0
0
0
0
0
0
0
0
0
0
0
0
0
0
0
0
0
0
0
0
0
0
0
0
0
0
0
0
0
0
0
0
0
0
0
0
0
0
0
0
0
0
0
0
0
0
0
0
0
0
0
0
0
0
0
0
0
0
0
0
0
0
0
0
0
0
0
0
0
0
0
0
0
0
0
0
0
0
0
0
0
0
0
0
0
0
0
0
0
0
0
0
0
0
0
0
0
0
0
0
0
0
0
0
0
0
0
0
0
0
0
0
0
0
0
0
0
0
0
0
0
0
0
0
0
0
0
0
0
0
0
0
0
0
0
0
0
0
0
0
0
0
0
0
0
0
0
0
0
0
0
0
0
0
0
0
0
0
0
0
0
0
0
0
0
0
0
0
0
0
0
0
0
0
0
0
0
0
0
0
0
0
0
0
0
0
0
0
0
0
0
0
0
0
0
0
0
0
0
0
0
0
0
0
0
0
0
0
0
0
0
0
0
0
0
0
0
0
0
0
0
0
0
0
0
0
0
0
0
0
0
0
0
0
0
0
0
0
0
0
0
0
0
0
0
0
0
0
0
0
0
0
0
0
0
0
0
0
0
0
0
0
0
0
0
0
0
0
0
0
0
0
0
0
0
0
0
0
0
0
0
0
0
0
0
0
0
0
0
0
0
0
0
0
0
0
0
0
0
0
0
0
0
0
0
0
0
0
0
0
0
0
0
0
0
0
0
0
0
0
0
0
0
0
0
0
0
0
0
0
0
0
0
0
0
0
0
0
0
0
0
0
0
0
0
0
0
0
0
0
0
0
0
0
0
0
0
0
0
0
0
0
0
0
0
0
0
0
0
0
0
0
0
0
0
0
0
0
0
0
0
0
0
0
0
0
0
0
0
0
0
0
0
0
0
0
0
0
0
0
0
0
0
0
0
0
0
0
0
0
0
0
0
0
0
0
0
0
0
0
0
0
0
0
0
0
0
0
0
0
0
0
0
0
0
0
0
0
0
0
0
0
0
0
0
0
0
0
0
0
0
0
0
0
0
0
0
0
0
0
0
0
0
0
0
0
0
0
0
0
0
0
0
0
0
0
0
0
0
0
0
0
0
0
0
0
0
0
0
0
0
0
0
0
0
0
0
0
0
0
0
0
0
0
0
0
0
0
0
0
0
0
0
0
0
0
0
0
0
0
0
0
0
0
0
0
0
0
0
0
0
0
0
0
0
0
0
0
0
0
0
0
0
0
0
0
0
0
0
0
0
0
0
0
0
0
0
0
0
0
0
0
0
0
0
0
0
0
0
0
0
0
0
0
0
0
0
0
0
0
0
0
0
0
0
0
0
0
0
0
0
0
0
0
0
0
0
0
0
0
0
0
0
0
0
0
0
0
0
0
0
0
0
0
0
0
0
0
0
0
0
0
0
0
0
0
0
0
0
0
0
0
0
0
0
0
0
0
0
0
0
0
0
0
0
0
0
0
0
0
0
0
0
0
0
0
0
0
0
0
0
0
0
0
0
0
0
0
0
0
0
0
0
0
0
0
0
0
0
0
0
0
0
0
0
0
0
0
0
0
0
0
0
0
0
0
0
0
0
0
0
0
0
0
0
0
0
0
0
0
0
0
0
0
0
0
0
0
0
0
0
0
0
0
0
0
0
0
0
0
0
0
0
0
0
0
0
0
0
0
0
0
0
0
0
0
0
0
0
0
0
0
0
0
0
0
0
0
0
0
0
0
0
0
0
0
0
0
0
0
0
0
0
0
0
0
0
0
0
0
0
0
0
0
0
0
0
0
0
0
0
0
0
0
0
7.374427418e-08
7.376129733e-08
7.376031844e-08
7.374945322e-08
7.371331455e-08
7.369918509e-08
0
0
0
0
0
0
0
0
0
0
0
0
0
0
0
7.379178279e-08
7.377599758e-08
7.377294723e-08
7.377843033e-08
7.378693444e-08
7.377321781e-08
7.375232715e-08
7.372767985e-08
7.365222721e-08
0
0
0
0
0
0
0
0
0
0
0
0
0
7.382394814e-08
7.381130837e-08
7.381433593e-08
7.381732003e-08
7.382062074e-08
7.379460335e-08
7.379080534e-08
7.376119354e-08
7.374072144e-08
7.370933008e-08
0
0
0
0
0
0
0
0
0
0
0
0
7.380996962e-08
7.381211091e-08
7.382274432e-08
7.383364903e-08
7.384250464e-08
7.384168085e-08
7.383599176e-08
7.380032436e-08
7.376355806e-08
7.374740085e-08
7.370716807e-08
0
0
0
0
0
0
0
0
0
0
0
7.381327452e-08
7.381944709e-08
7.383871569e-08
7.385057642e-08
7.385609655e-08
7.385528322e-08
7.385322532e-08
7.383531708e-08
7.380556042e-08
7.37708826e-08
7.374012687e-08
7.368357256e-08
0
0
0
0
0
0
0
0
0
0
7.38145912e-08
7.382700299e-08
7.384982519e-08
7.385670806e-08
7.386032558e-08
7.38601997e-08
7.385967145e-08
7.385517442e-08
7.38305891e-08
7.378868245e-08
7.376226967e-08
7.373514098e-08
7.366784776e-08
0
0
0
0
0
0
0
0
0
7.381455001e-08
7.383434138e-08
7.385474758e-08
7.386324815e-08
0
0
0
7.386320193e-08
7.384922571e-08
7.382008081e-08
7.378217861e-08
7.375538925e-08
7.373314739e-08
7.362268289e-08
7.366465454e-08
7.375637948e-08
7.373868558e-08
7.370103236e-08
7.361711854e-08
7.367958603e-08
7.373685436e-08
7.366183912e-08
7.381488159e-08
7.384319226e-08
7.386140127e-08
7.386777532e-08
0
0
0
0
7.386269085e-08
7.38393902e-08
7.380746158e-08
7.377598343e-08
7.375683928e-08
7.373725023e-08
7.377040476e-08
7.378556423e-08
7.378690277e-08
7.377734058e-08
7.378216627e-08
7.37813819e-08
7.378215094e-08
7.378118537e-08
7.381584546e-08
0
7.386487961e-08
0
0
0
0
0
7.386978941e-08
7.38561863e-08
7.383332692e-08
7.380065874e-08
7.377837864e-08
7.377666861e-08
7.379157174e-08
7.379185025e-08
0
0
0
0
0
0
0
0
0
0
0
0
0
0
0
7.387056047e-08
7.384693481e-08
7.382741957e-08
7.381149813e-08
7.379293795e-08
7.379629587e-08
0
0
0
0
0
0
0
7.381821149e-08
0
7.387197225e-08
0
0
0
0
0
0
0
7.386980905e-08
7.384539858e-08
7.383303103e-08
7.38138156e-08
0
0
0
0
0
0
0
0
7.382038053e-08
7.38629246e-08
7.387526372e-08
0
0
0
0
0
0
0
0
7.385787465e-08
7.385405746e-08
7.384611679e-08
0
0
0
0
0
0
0
0
7.382228539e-08
7.386680385e-08
7.387823167e-08
0
0
0
0
0
0
0
0
0
7.387260703e-08
0
0
0
0
0
0
0
0
0
7.382533774e-08
7.38707807e-08
0
0
0
0
0
0
0
0
0
0
0
0
0
0
0
0
0
0
0
0
7.382758416e-08
7.387372439e-08
0
0
0
0
0
0
0
0
0
0
0
0
0
0
0
0
0
0
0
0
7.38306334e-08
7.387742767e-08
0
0
0
0
0
0
0
0
0
0
0
0
0
0
0
0
0
0
0
0
7.383429791e-08
7.388113315e-08
0
0
0
0
0
0
0
0
0
0
0
0
0
0
0
0
0
0
0
0
7.383672432e-08
7.388492712e-08
0
0
0
0
0
0
0
0
0
0
0
0
0
0
0
0
0
0
0
0
7.381014086e-08
7.375493209e-08
0
0
0
0
0
0
0
0
0
0
0
0
0
0
0
0
0
0
0
0
7.369420988e-08
7.375354183e-08
0
0
0
0
0
0
0
0
0
0
0
0
0
0
0
0
0
0
0
0
7.367736461e-08
7.375503019e-08
0
0
0
0
0
0
0
0
0
0
0
0
0
0
0
0
0
0
0
0
7.368138706e-08
7.375719963e-08
0
0
0
0
0
0
0
0
0
0
0
0
0
0
0
0
0
0
0
0
7.368414616e-08
7.375984677e-08
0
0
0
0
0
0
0
0
0
0
0
0
0
0
0
0
0
0
0
0
7.368492091e-08
7.376193185e-08
0
0
0
0
0
0
0
0
0
0
0
0
0
0
0
0
0
0
0
0
7.368629057e-08
7.376449811e-08
0
0
0
0
0
0
0
0
0
0
0
0
0
0
0
0
0
0
0
0
7.368800875e-08
7.376674756e-08
0
0
0
0
0
0
0
0
0
0
0
0
0
0
0
0
0
0
0
0
7.36899797e-08
7.376905758e-08
0
0
0
0
0
0
0
0
0
0
0
0
0
0
0
0
0
0
0
0
7.369186937e-08
7.377173381e-08
0
0
0
0
0
0
0
0
0
0
0
0
0
0
0
0
0
0
0
0
7.369521924e-08
7.377441393e-08
0
0
0
0
0
0
0
0
0
0
0
0
0
0
0
0
0
0
0
0
7.369670223e-08
7.377723504e-08
0
0
0
0
0
0
0
0
0
0
0
0
0
0
0
0
0
0
0
0
7.369886553e-08
7.378005305e-08
0
0
0
0
0
0
0
0
0
0
0
0
0
0
0
0
0
0
0
0
7.37004701e-08
7.378290627e-08
0
0
0
0
0
0
0
0
0
0
0
0
0
0
0
0
0
0
0
0
7.370164425e-08
7.37855263e-08
0
0
0
0
0
0
0
0
0
0
0
0
0
0
0
0
0
0
0
0
7.370196289e-08
7.378832019e-08
0
0
0
0
0
0
0
0
0
0
0
0
0
0
0
0
0
0
0
0
7.370280761e-08
7.379103403e-08
0
0
0
0
0
0
0
0
0
0
0
0
0
0
0
0
0
0
0
0
7.370507852e-08
7.379326495e-08
0
0
0
0
0
0
0
0
0
0
0
0
0
0
0
0
0
0
0
0
7.370163295e-08
7.379565933e-08
0
0
0
0
0
0
0
0
0
0
0
0
0
0
0
0
0
0
0
0
7.369932532e-08
7.379791917e-08
0
0
0
0
0
0
0
0
0
0
0
0
0
0
0
0
0
0
0
0
7.369362576e-08
7.380006202e-08
0
0
0
0
0
0
0
0
0
0
0
0
0
0
0
0
0
0
0
0
7.368593975e-08
7.380217682e-08
0
0
0
0
0
0
0
0
0
0
0
0
0
0
0
0
0
0
0
0
7.367618533e-08
7.380436691e-08
0
0
0
0
0
0
0
0
0
0
0
0
0
0
0
0
0
0
0
0
7.366233357e-08
7.380628974e-08
0
0
0
0
0
0
0
0
0
0
0
0
0
0
0
0
0
0
0
0
7.365432418e-08
7.380855246e-08
0
0
0
0
0
0
0
0
0
0
0
0
0
0
0
0
0
0
0
0
7.36561219e-08
7.381087235e-08
0
0
0
0
0
0
0
0
0
0
0
0
0
0
0
0
0
0
0
0
7.366431802e-08
7.381271755e-08
0
0
0
0
0
0
0
0
0
0
0
0
0
0
0
0
0
0
0
0
7.362858328e-08
7.381467444e-08
0
0
0
0
0
0
0
0
0
0
0
0
0
0
0
0
0
0
0
0
7.361241256e-08
7.381560345e-08
0
0
0
0
0
0
0
0
0
0
0
0
0
0
0
0
0
0
0
0
7.361258284e-08
7.381791413e-08
0
0
0
0
0
0
0
0
0
0
0
0
0
0
0
0
0
0
0
0
7.353959986e-08
7.381739106e-08
0
0
0
0
0
0
0
0
0
0
0
0
0
0
0
0
0
0
0
0
7.350429124e-08
7.381991826e-08
0
0
0
0
0
0
0
0
0
0
0
0
0
0
0
0
0
0
0
0
7.344243268e-08
7.381856619e-08
0
0
0
0
0
0
0
0
0
0
0
0
0
0
0
0
0
0
0
0
7.342677533e-08
7.381841414e-08
0
0
0
0
0
0
0
0
0
0
0
0
0
0
0
0
0
0
0
0
7.344537739e-08
7.381811239e-08
0
0
0
0
0
0
0
0
0
0
0
0
0
0
0
0
0
0
0
0
7.357256395e-08
7.385523922e-08
0
0
0
0
0
0
0
0
0
0
0
0
0
0
0
0
0
0
0
0
0
0
0
0
0
0
0
0
0
0
0
0
0
0
0
0
0
0
0
0
0
0
0
0
0
0
0
0
0
0
0
0
0
0
0
0
0
0
0
0
0
0
0
0
0
0
0
0
0
0
0
0
0
0
0
0
0
0
0
0
0
0
0
0
0
0
0
0
0
0
0
0
0
0
0
0
0
0
0
0
0
0
0
0
0
0
0
0
0
0
7.039133296e-08
7.388999931e-08
7.389359294e-08
7.389261186e-08
0
0
0
0
0
0
0
0
0
)
;

boundaryField
{
    inlet
    {
        type            calculated;
        value           uniform 0;
    }
    frontandback
    {
        type            empty;
    }
    walls
    {
        type            calculated;
        value           uniform 0;
    }
    outlet
    {
        type            calculated;
        value           uniform 0;
    }
}


// ************************************************************************* //
