/*--------------------------------*- C++ -*----------------------------------*\
  =========                 |
  \\      /  F ield         | OpenFOAM: The Open Source CFD Toolbox
   \\    /   O peration     | Website:  https://openfoam.org
    \\  /    A nd           | Version:  9
     \\/     M anipulation  |
\*---------------------------------------------------------------------------*/
FoamFile
{
    format      ascii;
    class       volScalarField;
    location    "10";
    object      pi_gas_dummyGas;
}
// * * * * * * * * * * * * * * * * * * * * * * * * * * * * * * * * * * * * * //

dimensions      [1 -1 -2 0 0 0 0];

internalField   nonuniform List<scalar> 
2215
(
0
0
0
0
0
0
0
0
0
0
0
0
0
0
0
0
0
0
0
0
0
0
0
0
0
0
0
0
0
0
0
0
0
0
0
0
0
0
0
0
0
0
0
0
0
0
0
0
0
0
0
0
0
0
0
0
0
0
0
0
0
0
0
0
0
0
0
0
0
0
0
0
0
0
0
0
0
0
0
0
0
0
0
0
0
0
0
0
0
0
0
0
0
0
0
0
0
0
0
0
0
0
0
0
0
0
0
0
0
0
0
0
0
0
0
0
0
0
0
0
0
0
0
0
0
0
0
0
0
0
0
0
0
0
0
0
0
0
0
0
0
0
0
0
0
0
0
0
0
0
0
0
0
0
0
0
0
0
0
0
0
0
0
0
0
0
0
0
0
0
0
0
0
0
0
0
0
0
0
0
0
0
0
0
0
0
0
0
0
0
0
0
0
0
0
0
0
0
0
0
0
0
0
0
0
0
0
0
0
0
0
0
0
0
0
0
0
0
0
0
0
0
0
0
0
0
0
0
0
0
0
0
0
0
0
0
0
0
0
0
0
0
0
0
0
0
0
0
0
0
0
0
0
0
0
0
0
0
0
0
0
0
0
0
0
0
0
0
0
0
0
0
0
0
0
0
0
0
0
0
0
0
0
0
0
0
0
0
0
0
0
0
0
0
0
0
0
0
0
0
0
0
0
0
0
0
0
0
0
0
0
0
0
0
0
0
0
0
0
0
0
0
0
0
0
0
0
0
0
0
0
0
0
0
0
0
0
0
0
0
0
0
0
0
0
0
0
0
0
0
0
0
0
0
0
0
0
0
0
0
0
0
0
0
0
0
0
0
0
0
0
0
0
0
0
0
0
0
0
0
0
0
0
0
0
0
0
0
0
0
0
0
0
0
0
0
0
0
0
0
0
0
0
0
0
0
0
0
0
0
0
0
0
0
0
0
0
0
0
0
0
0
0
0
0
0
0
0
0
0
0
0
0
0
0
0
0
0
0
0
0
0
0
0
0
0
0
0
0
0
0
0
0
0
0
0
0
0
0
0
0
0
0
0
0
0
0
0
0
0
0
0
0
0
0
0
0
0
0
0
0
0
0
0
0
0
0
0
0
0
0
0
0
0
0
0
0
0
0
0
0
0
0
0
0
0
0
0
0
0
0
0
0
0
0
0
0
0
0
0
0
0
0
0
0
0
0
0
0
0
0
0
0
0
0
0
0
0
0
0
0
0
0
0
0
0
0
0
0
0
0
0
0
0
0
0
0
0
0
0
0
0
0
0
0
0
0
0
0
0
0
0
0
0
0
0
0
0
0
0
0
0
0
0
0
0
0
0
0
0
0
0
0
0
0
0
0
0
0
0
0
0
0
0
0
0
0
0
0
0
0
0
0
0
0
0
0
0
0
0
0
0
0
0
0
0
0
0
0
0
0
0
0
0
0
0
0
0
0
0
0
0
0
0
0
0
0
0
0
0
0
0
0
0
0
0
0
0
0
0
0
0
0
0
0
0
0
0
0
0
0
0
0
0
0
0
0
0
0
0
0
0
0
0
0
0
0
0
0
0
0
0
0
0
0
0
0
0
0
0
0
0
0
0
0
0
0
0
0
0
0
0
0
0
0
0
0
0
0
0
0
0
0
0
0
0
0
0
0
0
0
0
0
0
0
0
0
0
0
0
0
0
0
0
0
0
0
0
0
0
0
0
0
0
0
0
0
0
0
0
0
0
0
0
0
0
0
0
0
0
0
0
0
0
0
0
0
0
0
0
0
0
0
0
0
0
0
0
0
0
0
0
0
0
0
0
0
0
0
0
0
0
0
0
0
0
0
0
0
0
0
0
0
0
0
0
0
0
0
0
0
0
0
0
0
0
0
0
0
0
0
0
0
0
0
0
0
0
0
0
0
0
0
0
0
0
0
0
0
0
0
0
0
0
0
0
0
0
0
0
0
0
0
0
0
0
0
0
0
0
0
0
0
0
0
0
0
0
0
0
0
0
0
0
0
0
0
0
0
0
0
0
0
0
0
0
0
0
0
0
0
0
0
0
0
0
0
0
0
0
0
0
0
0
0
0
0
0
0
0
0
0
0
0
0
101068.6219
101062.7996
101061.1525
101065.153
101067.9087
101067.6104
0
0
0
0
0
0
0
0
0
0
0
0
0
0
0
101058.5112
101067.6321
101068.3759
101059.2331
101063.09
101068.1485
101065.4238
101068.4511
101068.3775
0
0
0
0
0
0
0
0
0
0
0
0
0
100947.6685
100982.6376
100988.5541
100984.266
100967.6153
101067.0085
101063.9153
101064.1433
101069.7403
101067.788
0
0
0
0
0
0
0
0
0
0
0
0
101008.4531
101019.7636
101016.5017
101009.9186
100996.1771
100974.4237
100941.0966
101063.6865
101064.8231
101067.4004
101069.4345
0
0
0
0
0
0
0
0
0
0
0
101036.6554
101041.226
101039.7409
101031.2992
101017.7012
100988.7483
100960.8264
101065.6058
101062.6314
101066.5688
101069.3821
101068.4073
0
0
0
0
0
0
0
0
0
0
101053.5217
101057.9725
101055.3738
101047.0133
101026.4485
100994.8021
100953.3474
100925.519
101063.8273
101065.75
101066.7402
101069.2494
101069.5591
0
0
0
0
0
0
0
0
0
101066.432
101066.223
101060.1386
101053.3293
0
0
0
100905.7821
101057.7151
101064.517
101070.3929
101067.3937
101066.8655
101066.9156
101068.4741
101066.5959
101067.1284
101066.7532
101059.6624
101068.7665
101068.4581
101067.833
101072.9322
101073.81
101067.4254
101060.4768
0
0
0
0
101068.0532
101065.2196
101065.9499
101071.0637
101070.5351
101066.6123
101066.3138
101068.2966
101066.5313
101065.5429
101065.2294
101063.4918
101065.8315
101069.9352
101075.6888
0
101072.2457
0
0
0
0
0
101071.8336
101064.1839
101072.3322
101068.2715
101069.1894
101070.1085
101067.317
101051.8949
0
0
0
0
0
0
0
0
0
0
0
0
0
0
0
101073.153
101069.8602
101075.8742
101072.2988
101067.7713
101071.8975
0
0
0
0
0
0
0
101077.0816
0
101067.85
0
0
0
0
0
0
0
101078.8307
101072.5667
101079.5605
101068.6173
0
0
0
0
0
0
0
0
101059.9625
101071.8225
101055.3243
0
0
0
0
0
0
0
0
101082.3656
100808.3931
100812.7888
0
0
0
0
0
0
0
0
101038.1923
101054.908
101026.508
0
0
0
0
0
0
0
0
0
100820.0906
0
0
0
0
0
0
0
0
0
101054.711
101005.2271
0
0
0
0
0
0
0
0
0
0
0
0
0
0
0
0
0
0
0
0
100970.881
100921.0178
0
0
0
0
0
0
0
0
0
0
0
0
0
0
0
0
0
0
0
0
100916.5008
100834.4458
0
0
0
0
0
0
0
0
0
0
0
0
0
0
0
0
0
0
0
0
100947.9591
100719.2541
0
0
0
0
0
0
0
0
0
0
0
0
0
0
0
0
0
0
0
0
100795.7534
100510.6452
0
0
0
0
0
0
0
0
0
0
0
0
0
0
0
0
0
0
0
0
101103.6073
101104.2501
0
0
0
0
0
0
0
0
0
0
0
0
0
0
0
0
0
0
0
0
101113.6144
101128.7871
0
0
0
0
0
0
0
0
0
0
0
0
0
0
0
0
0
0
0
0
101132.0081
101118.0656
0
0
0
0
0
0
0
0
0
0
0
0
0
0
0
0
0
0
0
0
101137.42
101117.3725
0
0
0
0
0
0
0
0
0
0
0
0
0
0
0
0
0
0
0
0
101118.3611
101110.7399
0
0
0
0
0
0
0
0
0
0
0
0
0
0
0
0
0
0
0
0
101141.3764
101085.2602
0
0
0
0
0
0
0
0
0
0
0
0
0
0
0
0
0
0
0
0
101116.7587
101048.3616
0
0
0
0
0
0
0
0
0
0
0
0
0
0
0
0
0
0
0
0
101136.1642
101006.0435
0
0
0
0
0
0
0
0
0
0
0
0
0
0
0
0
0
0
0
0
101103.8774
100962.1969
0
0
0
0
0
0
0
0
0
0
0
0
0
0
0
0
0
0
0
0
101109.4298
100910.1126
0
0
0
0
0
0
0
0
0
0
0
0
0
0
0
0
0
0
0
0
101129.3158
100826.2064
0
0
0
0
0
0
0
0
0
0
0
0
0
0
0
0
0
0
0
0
101020.2997
100692.3896
0
0
0
0
0
0
0
0
0
0
0
0
0
0
0
0
0
0
0
0
100930.4887
100543.4883
0
0
0
0
0
0
0
0
0
0
0
0
0
0
0
0
0
0
0
0
100798.1726
100347.9243
0
0
0
0
0
0
0
0
0
0
0
0
0
0
0
0
0
0
0
0
100627.2413
100119.9217
0
0
0
0
0
0
0
0
0
0
0
0
0
0
0
0
0
0
0
0
100401.3479
99849.35694
0
0
0
0
0
0
0
0
0
0
0
0
0
0
0
0
0
0
0
0
100232.9613
99671.89068
0
0
0
0
0
0
0
0
0
0
0
0
0
0
0
0
0
0
0
0
100200.889
99104.13072
0
0
0
0
0
0
0
0
0
0
0
0
0
0
0
0
0
0
0
0
99669.09759
98524.91213
0
0
0
0
0
0
0
0
0
0
0
0
0
0
0
0
0
0
0
0
99279.69799
97870.75208
0
0
0
0
0
0
0
0
0
0
0
0
0
0
0
0
0
0
0
0
98614.95469
97046.81143
0
0
0
0
0
0
0
0
0
0
0
0
0
0
0
0
0
0
0
0
97824.01285
96191.27269
0
0
0
0
0
0
0
0
0
0
0
0
0
0
0
0
0
0
0
0
96909.76492
95399.96375
0
0
0
0
0
0
0
0
0
0
0
0
0
0
0
0
0
0
0
0
95750.10561
94419.67927
0
0
0
0
0
0
0
0
0
0
0
0
0
0
0
0
0
0
0
0
94986.15194
93718.68137
0
0
0
0
0
0
0
0
0
0
0
0
0
0
0
0
0
0
0
0
94880.47339
93098.69873
0
0
0
0
0
0
0
0
0
0
0
0
0
0
0
0
0
0
0
0
95147.72058
91864.32335
0
0
0
0
0
0
0
0
0
0
0
0
0
0
0
0
0
0
0
0
92635.34144
90849.57978
0
0
0
0
0
0
0
0
0
0
0
0
0
0
0
0
0
0
0
0
91568.04333
88664.44919
0
0
0
0
0
0
0
0
0
0
0
0
0
0
0
0
0
0
0
0
91355.02751
88227.78945
0
0
0
0
0
0
0
0
0
0
0
0
0
0
0
0
0
0
0
0
87251.54619
85308.77776
0
0
0
0
0
0
0
0
0
0
0
0
0
0
0
0
0
0
0
0
85766.38797
85302.49487
0
0
0
0
0
0
0
0
0
0
0
0
0
0
0
0
0
0
0
0
83699.3921
84328.62791
0
0
0
0
0
0
0
0
0
0
0
0
0
0
0
0
0
0
0
0
83914.83805
84612.52675
0
0
0
0
0
0
0
0
0
0
0
0
0
0
0
0
0
0
0
0
83302.11174
84315.24962
0
0
0
0
0
0
0
0
0
0
0
0
0
0
0
0
0
0
0
0
84047.75035
84212.45966
0
0
0
0
0
0
0
0
0
0
0
0
0
0
0
0
0
0
0
0
0
0
0
0
0
0
0
0
0
0
0
0
0
0
0
0
0
0
0
0
0
0
0
0
0
0
0
0
0
0
0
0
0
0
0
0
0
0
0
0
0
0
0
0
0
0
0
0
0
0
0
0
0
0
0
0
0
0
0
0
0
0
0
0
0
0
0
0
0
0
0
0
0
0
0
0
0
0
0
0
0
0
0
0
0
0
0
0
0
0
78974.21706
81598.87835
81449.57706
79991.36048
0
0
0
0
0
0
0
0
0
)
;

boundaryField
{
    inlet
    {
        type            calculated;
        value           uniform 0;
    }
    frontandback
    {
        type            empty;
    }
    walls
    {
        type            calculated;
        value           uniform 0;
    }
    outlet
    {
        type            calculated;
        value           uniform 0;
    }
}


// ************************************************************************* //
