/*--------------------------------*- C++ -*----------------------------------*\
  =========                 |
  \\      /  F ield         | OpenFOAM: The Open Source CFD Toolbox
   \\    /   O peration     | Website:  https://openfoam.org
    \\  /    A nd           | Version:  9
     \\/     M anipulation  |
\*---------------------------------------------------------------------------*/
FoamFile
{
    format      ascii;
    class       volScalarField;
    location    "10";
    object      pi_gas_gas9;
}
// * * * * * * * * * * * * * * * * * * * * * * * * * * * * * * * * * * * * * //

dimensions      [1 -1 -2 0 0 0 0];

internalField   nonuniform List<scalar> 
2215
(
0
0
0
0
0
0
0
0
0
0
0
0
0
0
0
0
0
0
0
0
0
0
0
0
0
0
0
0
0
0
0
0
0
0
0
0
0
0
0
0
0
0
0
0
0
0
0
0
0
0
0
0
0
0
0
0
0
0
0
0
0
0
0
0
0
0
0
0
0
0
0
0
0
0
0
0
0
0
0
0
0
0
0
0
0
0
0
0
0
0
0
0
0
0
0
0
0
0
0
0
0
0
0
0
0
0
0
0
0
0
0
0
0
0
0
0
0
0
0
0
0
0
0
0
0
0
0
0
0
0
0
0
0
0
0
0
0
0
0
0
0
0
0
0
0
0
0
0
0
0
0
0
0
0
0
0
0
0
0
0
0
0
0
0
0
0
0
0
0
0
0
0
0
0
0
0
0
0
0
0
0
0
0
0
0
0
0
0
0
0
0
0
0
0
0
0
0
0
0
0
0
0
0
0
0
0
0
0
0
0
0
0
0
0
0
0
0
0
0
0
0
0
0
0
0
0
0
0
0
0
0
0
0
0
0
0
0
0
0
0
0
0
0
0
0
0
0
0
0
0
0
0
0
0
0
0
0
0
0
0
0
0
0
0
0
0
0
0
0
0
0
0
0
0
0
0
0
0
0
0
0
0
0
0
0
0
0
0
0
0
0
0
0
0
0
0
0
0
0
0
0
0
0
0
0
0
0
0
0
0
0
0
0
0
0
0
0
0
0
0
0
0
0
0
0
0
0
0
0
0
0
0
0
0
0
0
0
0
0
0
0
0
0
0
0
0
0
0
0
0
0
0
0
0
0
0
0
0
0
0
0
0
0
0
0
0
0
0
0
0
0
0
0
0
0
0
0
0
0
0
0
0
0
0
0
0
0
0
0
0
0
0
0
0
0
0
0
0
0
0
0
0
0
0
0
0
0
0
0
0
0
0
0
0
0
0
0
0
0
0
0
0
0
0
0
0
0
0
0
0
0
0
0
0
0
0
0
0
0
0
0
0
0
0
0
0
0
0
0
0
0
0
0
0
0
0
0
0
0
0
0
0
0
0
0
0
0
0
0
0
0
0
0
0
0
0
0
0
0
0
0
0
0
0
0
0
0
0
0
0
0
0
0
0
0
0
0
0
0
0
0
0
0
0
0
0
0
0
0
0
0
0
0
0
0
0
0
0
0
0
0
0
0
0
0
0
0
0
0
0
0
0
0
0
0
0
0
0
0
0
0
0
0
0
0
0
0
0
0
0
0
0
0
0
0
0
0
0
0
0
0
0
0
0
0
0
0
0
0
0
0
0
0
0
0
0
0
0
0
0
0
0
0
0
0
0
0
0
0
0
0
0
0
0
0
0
0
0
0
0
0
0
0
0
0
0
0
0
0
0
0
0
0
0
0
0
0
0
0
0
0
0
0
0
0
0
0
0
0
0
0
0
0
0
0
0
0
0
0
0
0
0
0
0
0
0
0
0
0
0
0
0
0
0
0
0
0
0
0
0
0
0
0
0
0
0
0
0
0
0
0
0
0
0
0
0
0
0
0
0
0
0
0
0
0
0
0
0
0
0
0
0
0
0
0
0
0
0
0
0
0
0
0
0
0
0
0
0
0
0
0
0
0
0
0
0
0
0
0
0
0
0
0
0
0
0
0
0
0
0
0
0
0
0
0
0
0
0
0
0
0
0
0
0
0
0
0
0
0
0
0
0
0
0
0
0
0
0
0
0
0
0
0
0
0
0
0
0
0
0
0
0
0
0
0
0
0
0
0
0
0
0
0
0
0
0
0
0
0
0
0
0
0
0
0
0
0
0
0
0
0
0
0
0
0
0
0
0
0
0
0
0
0
0
0
0
0
0
0
0
0
0
0
0
0
0
0
0
0
0
0
0
0
0
0
0
0
0
0
0
0
0
0
0
0
0
0
0
0
0
0
0
0
0
0
0
0
0
0
0
0
0
0
0
0
0
0
0
0
0
0
0
0
0
0
0
0
0
0
0
0
0
0
0
0
0
0
0
0
0
0
0
0
0
0
0
0
0
0
0
0
0
0
0
0
0
0
0
0
0
0
0
0
0
0
0
0
0
0
0
0
0
0
0
0
1.355525033e-06
1.35513889e-06
1.355149782e-06
1.3553047e-06
1.355874294e-06
1.356161325e-06
0
0
0
0
0
0
0
0
0
0
0
0
0
0
0
1.354750646e-06
1.354937622e-06
1.354992918e-06
1.354926253e-06
1.354816122e-06
1.354962674e-06
1.355229413e-06
1.35560195e-06
1.356854153e-06
0
0
0
0
0
0
0
0
0
0
0
0
0
1.354323947e-06
1.35444116e-06
1.354404152e-06
1.354369953e-06
1.354348767e-06
1.354715445e-06
1.354747827e-06
1.355129054e-06
1.355388985e-06
1.355883883e-06
0
0
0
0
0
0
0
0
0
0
0
0
1.354488371e-06
1.354458046e-06
1.354335614e-06
1.354224435e-06
1.354131964e-06
1.35412875e-06
1.354170932e-06
1.354615847e-06
1.355102217e-06
1.355313366e-06
1.355919246e-06
0
0
0
0
0
0
0
0
0
0
0
1.354453028e-06
1.354377156e-06
1.354195885e-06
1.354060844e-06
1.353987796e-06
1.35398785e-06
1.35399212e-06
1.354215052e-06
1.354543659e-06
1.354995214e-06
1.355426984e-06
1.356277595e-06
0
0
0
0
0
0
0
0
0
0
1.354418989e-06
1.354310932e-06
1.354096056e-06
1.353992625e-06
1.353903292e-06
1.353895908e-06
1.353913356e-06
1.353970496e-06
1.354254436e-06
1.354777406e-06
1.355135973e-06
1.355512135e-06
1.35655673e-06
0
0
0
0
0
0
0
0
0
1.354417883e-06
1.354284696e-06
1.354048319e-06
1.353906374e-06
0
0
0
1.353899408e-06
1.354075761e-06
1.354379285e-06
1.354870263e-06
1.355251423e-06
1.355592478e-06
1.357329648e-06
1.356692166e-06
1.355310875e-06
1.355590318e-06
1.35617983e-06
1.357302614e-06
1.356483132e-06
1.355603725e-06
1.356771335e-06
1.354422678e-06
1.35421548e-06
1.35399197e-06
1.353904667e-06
0
0
0
0
1.353956661e-06
1.354197912e-06
1.354577209e-06
1.354986446e-06
1.355266283e-06
1.355600816e-06
1.35510191e-06
1.354862255e-06
1.354845403e-06
1.3549796e-06
1.354920127e-06
1.35492893e-06
1.354918334e-06
1.354933634e-06
1.354438728e-06
0
1.353994535e-06
0
0
0
0
0
1.353916956e-06
1.35406249e-06
1.354295984e-06
1.354708884e-06
1.355030292e-06
1.355037582e-06
1.354849158e-06
1.35486282e-06
0
0
0
0
0
0
0
0
0
0
0
0
0
0
0
1.353964267e-06
1.354221212e-06
1.354440529e-06
1.354655638e-06
1.354894994e-06
1.354929321e-06
0
0
0
0
0
0
0
1.354485598e-06
0
1.354038955e-06
0
0
0
0
0
0
0
1.354038151e-06
1.354316576e-06
1.354473101e-06
1.354736031e-06
0
0
0
0
0
0
0
0
1.354526169e-06
1.354195629e-06
1.354074418e-06
0
0
0
0
0
0
0
0
1.354255805e-06
1.354254443e-06
1.354420753e-06
0
0
0
0
0
0
0
0
1.354570286e-06
1.354225608e-06
1.354117284e-06
0
0
0
0
0
0
0
0
0
1.35419727e-06
0
0
0
0
0
0
0
0
0
1.354617103e-06
1.354267592e-06
0
0
0
0
0
0
0
0
0
0
0
0
0
0
0
0
0
0
0
0
1.3546815e-06
1.354327038e-06
0
0
0
0
0
0
0
0
0
0
0
0
0
0
0
0
0
0
0
0
1.354737087e-06
1.354378393e-06
0
0
0
0
0
0
0
0
0
0
0
0
0
0
0
0
0
0
0
0
1.35480789e-06
1.354442962e-06
0
0
0
0
0
0
0
0
0
0
0
0
0
0
0
0
0
0
0
0
1.354888286e-06
1.354510417e-06
0
0
0
0
0
0
0
0
0
0
0
0
0
0
0
0
0
0
0
0
1.355506476e-06
1.356145778e-06
0
0
0
0
0
0
0
0
0
0
0
0
0
0
0
0
0
0
0
0
1.356984839e-06
1.356281718e-06
0
0
0
0
0
0
0
0
0
0
0
0
0
0
0
0
0
0
0
0
1.357261796e-06
1.356389299e-06
0
0
0
0
0
0
0
0
0
0
0
0
0
0
0
0
0
0
0
0
1.357334679e-06
1.356487436e-06
0
0
0
0
0
0
0
0
0
0
0
0
0
0
0
0
0
0
0
0
1.357436533e-06
1.356576056e-06
0
0
0
0
0
0
0
0
0
0
0
0
0
0
0
0
0
0
0
0
1.357529741e-06
1.356662806e-06
0
0
0
0
0
0
0
0
0
0
0
0
0
0
0
0
0
0
0
0
1.35761994e-06
1.356741343e-06
0
0
0
0
0
0
0
0
0
0
0
0
0
0
0
0
0
0
0
0
1.357697147e-06
1.3568194e-06
0
0
0
0
0
0
0
0
0
0
0
0
0
0
0
0
0
0
0
0
1.357770905e-06
1.356888806e-06
0
0
0
0
0
0
0
0
0
0
0
0
0
0
0
0
0
0
0
0
1.357842855e-06
1.356950154e-06
0
0
0
0
0
0
0
0
0
0
0
0
0
0
0
0
0
0
0
0
1.357893784e-06
1.357010643e-06
0
0
0
0
0
0
0
0
0
0
0
0
0
0
0
0
0
0
0
0
1.357971841e-06
1.357067354e-06
0
0
0
0
0
0
0
0
0
0
0
0
0
0
0
0
0
0
0
0
1.358040163e-06
1.357125577e-06
0
0
0
0
0
0
0
0
0
0
0
0
0
0
0
0
0
0
0
0
1.3581191e-06
1.357184351e-06
0
0
0
0
0
0
0
0
0
0
0
0
0
0
0
0
0
0
0
0
1.35820728e-06
1.357246186e-06
0
0
0
0
0
0
0
0
0
0
0
0
0
0
0
0
0
0
0
0
1.358308321e-06
1.357307299e-06
0
0
0
0
0
0
0
0
0
0
0
0
0
0
0
0
0
0
0
0
1.358399293e-06
1.357369669e-06
0
0
0
0
0
0
0
0
0
0
0
0
0
0
0
0
0
0
0
0
1.35846463e-06
1.357438906e-06
0
0
0
0
0
0
0
0
0
0
0
0
0
0
0
0
0
0
0
0
1.35862358e-06
1.357508137e-06
0
0
0
0
0
0
0
0
0
0
0
0
0
0
0
0
0
0
0
0
1.358766347e-06
1.357580153e-06
0
0
0
0
0
0
0
0
0
0
0
0
0
0
0
0
0
0
0
0
1.358961568e-06
1.357653066e-06
0
0
0
0
0
0
0
0
0
0
0
0
0
0
0
0
0
0
0
0
1.359195321e-06
1.357728954e-06
0
0
0
0
0
0
0
0
0
0
0
0
0
0
0
0
0
0
0
0
1.359465715e-06
1.357803572e-06
0
0
0
0
0
0
0
0
0
0
0
0
0
0
0
0
0
0
0
0
1.359823069e-06
1.357881875e-06
0
0
0
0
0
0
0
0
0
0
0
0
0
0
0
0
0
0
0
0
1.360063478e-06
1.357956938e-06
0
0
0
0
0
0
0
0
0
0
0
0
0
0
0
0
0
0
0
0
1.360144292e-06
1.358030928e-06
0
0
0
0
0
0
0
0
0
0
0
0
0
0
0
0
0
0
0
0
1.360172483e-06
1.358111737e-06
0
0
0
0
0
0
0
0
0
0
0
0
0
0
0
0
0
0
0
0
1.360832503e-06
1.358193368e-06
0
0
0
0
0
0
0
0
0
0
0
0
0
0
0
0
0
0
0
0
1.361186227e-06
1.358287891e-06
0
0
0
0
0
0
0
0
0
0
0
0
0
0
0
0
0
0
0
0
1.361302338e-06
1.358367701e-06
0
0
0
0
0
0
0
0
0
0
0
0
0
0
0
0
0
0
0
0
1.362489435e-06
1.358488083e-06
0
0
0
0
0
0
0
0
0
0
0
0
0
0
0
0
0
0
0
0
1.363193166e-06
1.358570244e-06
0
0
0
0
0
0
0
0
0
0
0
0
0
0
0
0
0
0
0
0
1.36429136e-06
1.358709719e-06
0
0
0
0
0
0
0
0
0
0
0
0
0
0
0
0
0
0
0
0
1.36470854e-06
1.358838511e-06
0
0
0
0
0
0
0
0
0
0
0
0
0
0
0
0
0
0
0
0
1.364564086e-06
1.358952553e-06
0
0
0
0
0
0
0
0
0
0
0
0
0
0
0
0
0
0
0
0
1.362890505e-06
1.358511665e-06
0
0
0
0
0
0
0
0
0
0
0
0
0
0
0
0
0
0
0
0
0
0
0
0
0
0
0
0
0
0
0
0
0
0
0
0
0
0
0
0
0
0
0
0
0
0
0
0
0
0
0
0
0
0
0
0
0
0
0
0
0
0
0
0
0
0
0
0
0
0
0
0
0
0
0
0
0
0
0
0
0
0
0
0
0
0
0
0
0
0
0
0
0
0
0
0
0
0
0
0
0
0
0
0
0
0
0
0
0
0
1.413034373e-06
1.35825225e-06
1.358154644e-06
1.358146209e-06
0
0
0
0
0
0
0
0
0
)
;

boundaryField
{
    inlet
    {
        type            calculated;
        value           uniform 0;
    }
    frontandback
    {
        type            empty;
    }
    walls
    {
        type            calculated;
        value           uniform 0;
    }
    outlet
    {
        type            calculated;
        value           uniform 0;
    }
}


// ************************************************************************* //
