/*--------------------------------*- C++ -*----------------------------------*\
  =========                 |
  \\      /  F ield         | OpenFOAM: The Open Source CFD Toolbox
   \\    /   O peration     | Website:  https://openfoam.org
    \\  /    A nd           | Version:  9
     \\/     M anipulation  |
\*---------------------------------------------------------------------------*/
FoamFile
{
    format      ascii;
    class       volScalarField;
    location    "10";
    object      pi_gas_gas6;
}
// * * * * * * * * * * * * * * * * * * * * * * * * * * * * * * * * * * * * * //

dimensions      [1 -1 -2 0 0 0 0];

internalField   nonuniform List<scalar> 
2215
(
0
0
0
0
0
0
0
0
0
0
0
0
0
0
0
0
0
0
0
0
0
0
0
0
0
0
0
0
0
0
0
0
0
0
0
0
0
0
0
0
0
0
0
0
0
0
0
0
0
0
0
0
0
0
0
0
0
0
0
0
0
0
0
0
0
0
0
0
0
0
0
0
0
0
0
0
0
0
0
0
0
0
0
0
0
0
0
0
0
0
0
0
0
0
0
0
0
0
0
0
0
0
0
0
0
0
0
0
0
0
0
0
0
0
0
0
0
0
0
0
0
0
0
0
0
0
0
0
0
0
0
0
0
0
0
0
0
0
0
0
0
0
0
0
0
0
0
0
0
0
0
0
0
0
0
0
0
0
0
0
0
0
0
0
0
0
0
0
0
0
0
0
0
0
0
0
0
0
0
0
0
0
0
0
0
0
0
0
0
0
0
0
0
0
0
0
0
0
0
0
0
0
0
0
0
0
0
0
0
0
0
0
0
0
0
0
0
0
0
0
0
0
0
0
0
0
0
0
0
0
0
0
0
0
0
0
0
0
0
0
0
0
0
0
0
0
0
0
0
0
0
0
0
0
0
0
0
0
0
0
0
0
0
0
0
0
0
0
0
0
0
0
0
0
0
0
0
0
0
0
0
0
0
0
0
0
0
0
0
0
0
0
0
0
0
0
0
0
0
0
0
0
0
0
0
0
0
0
0
0
0
0
0
0
0
0
0
0
0
0
0
0
0
0
0
0
0
0
0
0
0
0
0
0
0
0
0
0
0
0
0
0
0
0
0
0
0
0
0
0
0
0
0
0
0
0
0
0
0
0
0
0
0
0
0
0
0
0
0
0
0
0
0
0
0
0
0
0
0
0
0
0
0
0
0
0
0
0
0
0
0
0
0
0
0
0
0
0
0
0
0
0
0
0
0
0
0
0
0
0
0
0
0
0
0
0
0
0
0
0
0
0
0
0
0
0
0
0
0
0
0
0
0
0
0
0
0
0
0
0
0
0
0
0
0
0
0
0
0
0
0
0
0
0
0
0
0
0
0
0
0
0
0
0
0
0
0
0
0
0
0
0
0
0
0
0
0
0
0
0
0
0
0
0
0
0
0
0
0
0
0
0
0
0
0
0
0
0
0
0
0
0
0
0
0
0
0
0
0
0
0
0
0
0
0
0
0
0
0
0
0
0
0
0
0
0
0
0
0
0
0
0
0
0
0
0
0
0
0
0
0
0
0
0
0
0
0
0
0
0
0
0
0
0
0
0
0
0
0
0
0
0
0
0
0
0
0
0
0
0
0
0
0
0
0
0
0
0
0
0
0
0
0
0
0
0
0
0
0
0
0
0
0
0
0
0
0
0
0
0
0
0
0
0
0
0
0
0
0
0
0
0
0
0
0
0
0
0
0
0
0
0
0
0
0
0
0
0
0
0
0
0
0
0
0
0
0
0
0
0
0
0
0
0
0
0
0
0
0
0
0
0
0
0
0
0
0
0
0
0
0
0
0
0
0
0
0
0
0
0
0
0
0
0
0
0
0
0
0
0
0
0
0
0
0
0
0
0
0
0
0
0
0
0
0
0
0
0
0
0
0
0
0
0
0
0
0
0
0
0
0
0
0
0
0
0
0
0
0
0
0
0
0
0
0
0
0
0
0
0
0
0
0
0
0
0
0
0
0
0
0
0
0
0
0
0
0
0
0
0
0
0
0
0
0
0
0
0
0
0
0
0
0
0
0
0
0
0
0
0
0
0
0
0
0
0
0
0
0
0
0
0
0
0
0
0
0
0
0
0
0
0
0
0
0
0
0
0
0
0
0
0
0
0
0
0
0
0
0
0
0
0
0
0
0
0
0
0
0
0
0
0
0
0
0
0
0
0
0
0
0
0
0
0
0
0
0
0
0
0
0
0
0
0
0
0
0
0
0
0
0
0
0
0
0
0
0
0
0
0
0
0
0
0
0
0
0
0
0
0
0
0
0
0
0
0
0
0
0
0
0
0
0
0
0
0
0
0
0
0
0
0
0
0
0
0
0
0
0
0
0
0
0
0
0
0
0
0
0
0
0
0
0
0
0
0
0
0
0
0
0
0
0
0
0
21.84548897
21.8440402
21.84406276
21.84449891
21.84614894
21.84719237
0
0
0
0
0
0
0
0
0
0
0
0
0
0
0
21.84313585
21.84355097
21.84351238
21.84322913
21.84308821
21.84353719
21.84420128
21.84525552
21.84903002
0
0
0
0
0
0
0
0
0
0
0
0
0
21.84229201
21.84223307
21.84206173
21.84195274
21.84183859
21.84307922
21.8430401
21.84400534
21.84463387
21.84608969
0
0
0
0
0
0
0
0
0
0
0
0
21.8426476
21.84246347
21.84196784
21.84172261
21.84156447
21.84142262
21.84138728
21.8426026
21.84392769
21.84447557
21.84621652
0
0
0
0
0
0
0
0
0
0
0
21.8425768
21.84220034
21.8419659
21.8416714
21.84133836
21.84125383
21.84109691
21.84167096
21.84237649
21.84359126
21.84481387
21.84720386
0
0
0
0
0
0
0
0
0
0
21.84252326
21.84213105
21.84196691
21.8414837
21.84081016
21.84071044
21.84085394
21.84101991
21.84170294
21.84305763
21.84406868
21.84507449
21.84807712
0
0
0
0
0
0
0
0
0
21.84254561
21.84237696
21.84184338
21.84109684
0
0
0
21.8409801
21.8414925
21.84207301
21.84337139
21.84447688
21.84544895
21.85034323
21.8485472
21.84477754
21.8455866
21.84726429
21.84993118
21.84794508
21.84553337
21.8487646
21.84264751
21.84245003
21.84188449
21.84148641
0
0
0
0
21.84149169
21.84193917
21.84281555
21.84387917
21.84467106
21.84566173
21.84423681
21.84346287
21.84347206
21.84384268
21.84370856
21.84373351
21.84370542
21.84371804
21.84293563
0
21.84225124
0
0
0
0
0
21.84172444
21.8420437
21.84242656
21.84348227
21.84440572
21.84426519
21.84399547
21.84420601
0
0
0
0
0
0
0
0
0
0
0
0
0
0
0
21.84232041
21.84287782
21.84335301
21.84385847
21.84457606
21.84530837
0
0
0
0
0
0
0
21.84369937
0
21.84339726
0
0
0
0
0
0
0
21.84307725
21.84379745
21.84427689
21.84500697
0
0
0
0
0
0
0
0
21.84436867
21.844267
21.84408473
0
0
0
0
0
0
0
0
21.84424833
21.84405077
21.84515732
0
0
0
0
0
0
0
0
21.84503066
21.84499664
21.84483572
0
0
0
0
0
0
0
0
0
21.84524429
0
0
0
0
0
0
0
0
0
21.84584978
21.84582825
0
0
0
0
0
0
0
0
0
0
0
0
0
0
0
0
0
0
0
0
21.84677666
21.84670764
0
0
0
0
0
0
0
0
0
0
0
0
0
0
0
0
0
0
0
0
21.84769839
21.84762821
0
0
0
0
0
0
0
0
0
0
0
0
0
0
0
0
0
0
0
0
21.84882289
21.8486788
0
0
0
0
0
0
0
0
0
0
0
0
0
0
0
0
0
0
0
0
21.84995505
21.84977996
0
0
0
0
0
0
0
0
0
0
0
0
0
0
0
0
0
0
0
0
21.85306103
21.85448435
0
0
0
0
0
0
0
0
0
0
0
0
0
0
0
0
0
0
0
0
21.85748005
21.85582562
0
0
0
0
0
0
0
0
0
0
0
0
0
0
0
0
0
0
0
0
21.85897252
21.85712782
0
0
0
0
0
0
0
0
0
0
0
0
0
0
0
0
0
0
0
0
21.860164
21.85838922
0
0
0
0
0
0
0
0
0
0
0
0
0
0
0
0
0
0
0
0
21.86144106
21.85959677
0
0
0
0
0
0
0
0
0
0
0
0
0
0
0
0
0
0
0
0
21.86254143
21.86072881
0
0
0
0
0
0
0
0
0
0
0
0
0
0
0
0
0
0
0
0
21.86365564
21.86182066
0
0
0
0
0
0
0
0
0
0
0
0
0
0
0
0
0
0
0
0
21.86467207
21.86287511
0
0
0
0
0
0
0
0
0
0
0
0
0
0
0
0
0
0
0
0
21.86565733
21.86384158
0
0
0
0
0
0
0
0
0
0
0
0
0
0
0
0
0
0
0
0
21.86661142
21.86476375
0
0
0
0
0
0
0
0
0
0
0
0
0
0
0
0
0
0
0
0
21.86749594
21.86567341
0
0
0
0
0
0
0
0
0
0
0
0
0
0
0
0
0
0
0
0
21.86845872
21.86655989
0
0
0
0
0
0
0
0
0
0
0
0
0
0
0
0
0
0
0
0
21.86939317
21.86745931
0
0
0
0
0
0
0
0
0
0
0
0
0
0
0
0
0
0
0
0
21.87037338
21.8683698
0
0
0
0
0
0
0
0
0
0
0
0
0
0
0
0
0
0
0
0
21.87139118
21.8692854
0
0
0
0
0
0
0
0
0
0
0
0
0
0
0
0
0
0
0
0
21.87245585
21.87021509
0
0
0
0
0
0
0
0
0
0
0
0
0
0
0
0
0
0
0
0
21.87348241
21.87115038
0
0
0
0
0
0
0
0
0
0
0
0
0
0
0
0
0
0
0
0
21.87441456
21.87210268
0
0
0
0
0
0
0
0
0
0
0
0
0
0
0
0
0
0
0
0
21.8756749
21.87307459
0
0
0
0
0
0
0
0
0
0
0
0
0
0
0
0
0
0
0
0
21.87688761
21.87405978
0
0
0
0
0
0
0
0
0
0
0
0
0
0
0
0
0
0
0
0
21.87827395
21.87504254
0
0
0
0
0
0
0
0
0
0
0
0
0
0
0
0
0
0
0
0
21.87981178
21.87605069
0
0
0
0
0
0
0
0
0
0
0
0
0
0
0
0
0
0
0
0
21.88148546
21.87705246
0
0
0
0
0
0
0
0
0
0
0
0
0
0
0
0
0
0
0
0
21.88351561
21.87806268
0
0
0
0
0
0
0
0
0
0
0
0
0
0
0
0
0
0
0
0
21.88508539
21.87907314
0
0
0
0
0
0
0
0
0
0
0
0
0
0
0
0
0
0
0
0
21.88611363
21.88007756
0
0
0
0
0
0
0
0
0
0
0
0
0
0
0
0
0
0
0
0
21.88710966
21.88110116
0
0
0
0
0
0
0
0
0
0
0
0
0
0
0
0
0
0
0
0
21.89002455
21.88213686
0
0
0
0
0
0
0
0
0
0
0
0
0
0
0
0
0
0
0
0
21.89191766
21.88320538
0
0
0
0
0
0
0
0
0
0
0
0
0
0
0
0
0
0
0
0
21.89308874
21.8842474
0
0
0
0
0
0
0
0
0
0
0
0
0
0
0
0
0
0
0
0
21.89755319
21.88541694
0
0
0
0
0
0
0
0
0
0
0
0
0
0
0
0
0
0
0
0
21.900741
21.88649452
0
0
0
0
0
0
0
0
0
0
0
0
0
0
0
0
0
0
0
0
21.90513767
21.88773802
0
0
0
0
0
0
0
0
0
0
0
0
0
0
0
0
0
0
0
0
21.9073726
21.88897081
0
0
0
0
0
0
0
0
0
0
0
0
0
0
0
0
0
0
0
0
21.9077451
21.89006658
0
0
0
0
0
0
0
0
0
0
0
0
0
0
0
0
0
0
0
0
21.90388428
21.88945299
0
0
0
0
0
0
0
0
0
0
0
0
0
0
0
0
0
0
0
0
0
0
0
0
0
0
0
0
0
0
0
0
0
0
0
0
0
0
0
0
0
0
0
0
0
0
0
0
0
0
0
0
0
0
0
0
0
0
0
0
0
0
0
0
0
0
0
0
0
0
0
0
0
0
0
0
0
0
0
0
0
0
0
0
0
0
0
0
0
0
0
0
0
0
0
0
0
0
0
0
0
0
0
0
0
0
0
0
0
0
22.05962562
21.88976162
21.88935183
21.88922915
0
0
0
0
0
0
0
0
0
)
;

boundaryField
{
    inlet
    {
        type            calculated;
        value           uniform 0;
    }
    frontandback
    {
        type            empty;
    }
    walls
    {
        type            calculated;
        value           uniform 0;
    }
    outlet
    {
        type            calculated;
        value           uniform 0;
    }
}


// ************************************************************************* //
