/*--------------------------------*- C++ -*----------------------------------*\
  =========                 |
  \\      /  F ield         | OpenFOAM: The Open Source CFD Toolbox
   \\    /   O peration     | Website:  https://openfoam.org
    \\  /    A nd           | Version:  9
     \\/     M anipulation  |
\*---------------------------------------------------------------------------*/
FoamFile
{
    format      ascii;
    class       volScalarField;
    location    "10";
    object      Xi_gas_gas0;
}
// * * * * * * * * * * * * * * * * * * * * * * * * * * * * * * * * * * * * * //

dimensions      [0 0 0 0 0 0 0];

internalField   nonuniform List<scalar> 
2215
(
0
0
0
0
0
0
0
0
0
0
0
0
0
0
0
0
0
0
0
0
0
0
0
0
0
0
0
0
0
0
0
0
0
0
0
0
0
0
0
0
0
0
0
0
0
0
0
0
0
0
0
0
0
0
0
0
0
0
0
0
0
0
0
0
0
0
0
0
0
0
0
0
0
0
0
0
0
0
0
0
0
0
0
0
0
0
0
0
0
0
0
0
0
0
0
0
0
0
0
0
0
0
0
0
0
0
0
0
0
0
0
0
0
0
0
0
0
0
0
0
0
0
0
0
0
0
0
0
0
0
0
0
0
0
0
0
0
0
0
0
0
0
0
0
0
0
0
0
0
0
0
0
0
0
0
0
0
0
0
0
0
0
0
0
0
0
0
0
0
0
0
0
0
0
0
0
0
0
0
0
0
0
0
0
0
0
0
0
0
0
0
0
0
0
0
0
0
0
0
0
0
0
0
0
0
0
0
0
0
0
0
0
0
0
0
0
0
0
0
0
0
0
0
0
0
0
0
0
0
0
0
0
0
0
0
0
0
0
0
0
0
0
0
0
0
0
0
0
0
0
0
0
0
0
0
0
0
0
0
0
0
0
0
0
0
0
0
0
0
0
0
0
0
0
0
0
0
0
0
0
0
0
0
0
0
0
0
0
0
0
0
0
0
0
0
0
0
0
0
0
0
0
0
0
0
0
0
0
0
0
0
0
0
0
0
0
0
0
0
0
0
0
0
0
0
0
0
0
0
0
0
0
0
0
0
0
0
0
0
0
0
0
0
0
0
0
0
0
0
0
0
0
0
0
0
0
0
0
0
0
0
0
0
0
0
0
0
0
0
0
0
0
0
0
0
0
0
0
0
0
0
0
0
0
0
0
0
0
0
0
0
0
0
0
0
0
0
0
0
0
0
0
0
0
0
0
0
0
0
0
0
0
0
0
0
0
0
0
0
0
0
0
0
0
0
0
0
0
0
0
0
0
0
0
0
0
0
0
0
0
0
0
0
0
0
0
0
0
0
0
0
0
0
0
0
0
0
0
0
0
0
0
0
0
0
0
0
0
0
0
0
0
0
0
0
0
0
0
0
0
0
0
0
0
0
0
0
0
0
0
0
0
0
0
0
0
0
0
0
0
0
0
0
0
0
0
0
0
0
0
0
0
0
0
0
0
0
0
0
0
0
0
0
0
0
0
0
0
0
0
0
0
0
0
0
0
0
0
0
0
0
0
0
0
0
0
0
0
0
0
0
0
0
0
0
0
0
0
0
0
0
0
0
0
0
0
0
0
0
0
0
0
0
0
0
0
0
0
0
0
0
0
0
0
0
0
0
0
0
0
0
0
0
0
0
0
0
0
0
0
0
0
0
0
0
0
0
0
0
0
0
0
0
0
0
0
0
0
0
0
0
0
0
0
0
0
0
0
0
0
0
0
0
0
0
0
0
0
0
0
0
0
0
0
0
0
0
0
0
0
0
0
0
0
0
0
0
0
0
0
0
0
0
0
0
0
0
0
0
0
0
0
0
0
0
0
0
0
0
0
0
0
0
0
0
0
0
0
0
0
0
0
0
0
0
0
0
0
0
0
0
0
0
0
0
0
0
0
0
0
0
0
0
0
0
0
0
0
0
0
0
0
0
0
0
0
0
0
0
0
0
0
0
0
0
0
0
0
0
0
0
0
0
0
0
0
0
0
0
0
0
0
0
0
0
0
0
0
0
0
0
0
0
0
0
0
0
0
0
0
0
0
0
0
0
0
0
0
0
0
0
0
0
0
0
0
0
0
0
0
0
0
0
0
0
0
0
0
0
0
0
0
0
0
0
0
0
0
0
0
0
0
0
0
0
0
0
0
0
0
0
0
0
0
0
0
0
0
0
0
0
0
0
0
0
0
0
0
0
0
0
0
0
0
0
0
0
0
0
0
0
0
0
0
0
0
0
0
0
0
0
0
0
0
0
0
0
0
0
0
0
0
0
0
0
0
0
0
0
0
0
0
0
0
0
0
0
0
0
0
0
0
0
0
0
0
0
0
0
0
0
0
0
0
0
0
0
0
0
0
0
0
0
0
0
0
0
0
0
0
0
0
0
0
0
6.205324605e-11
6.278546801e-11
6.300178479e-11
6.24931146e-11
6.218113859e-11
6.224346143e-11
0
0
0
0
0
0
0
0
0
0
0
0
0
0
0
6.330843655e-11
6.218510067e-11
6.218537922e-11
6.334452843e-11
6.280782324e-11
6.208734622e-11
6.245836307e-11
6.208594837e-11
6.220656371e-11
0
0
0
0
0
0
0
0
0
0
0
0
0
7.647355213e-11
7.270862031e-11
7.202362739e-11
7.244152788e-11
7.427417253e-11
6.231573551e-11
6.264387627e-11
6.262084964e-11
6.189829768e-11
6.219954476e-11
0
0
0
0
0
0
0
0
0
0
0
0
6.997747472e-11
6.860109378e-11
6.888193962e-11
6.953508967e-11
7.101075677e-11
7.33834598e-11
7.692710586e-11
6.261280876e-11
6.251335739e-11
6.219693617e-11
6.19859327e-11
0
0
0
0
0
0
0
0
0
0
0
6.674933479e-11
6.606814323e-11
6.610508105e-11
6.695963889e-11
6.839233384e-11
7.170309984e-11
7.473304611e-11
6.226325605e-11
6.271723273e-11
6.226332958e-11
6.194597189e-11
6.215703813e-11
0
0
0
0
0
0
0
0
0
0
6.467340534e-11
6.396326775e-11
6.411740657e-11
6.488856528e-11
6.705846765e-11
7.074263995e-11
7.544119234e-11
7.843135852e-11
6.249417367e-11
6.235070694e-11
6.22699819e-11
6.198097527e-11
6.203480549e-11
0
0
0
0
0
0
0
0
0
6.304790877e-11
6.299853093e-11
6.343682818e-11
6.38733348e-11
0
0
0
8.046691706e-11
6.331544689e-11
6.251691187e-11
6.180118746e-11
6.223055476e-11
6.232220125e-11
6.246762428e-11
6.21936523e-11
6.230532387e-11
6.226085322e-11
6.236517538e-11
6.340127227e-11
6.212735895e-11
6.208818549e-11
6.227607299e-11
6.226581683e-11
6.205063529e-11
6.25190725e-11
6.318052539e-11
0
0
0
0
6.209784892e-11
6.253204554e-11
6.248401641e-11
6.18223426e-11
6.188812333e-11
6.240339243e-11
6.235410627e-11
6.203630193e-11
6.228247556e-11
6.242168056e-11
6.245083837e-11
6.268135869e-11
6.237221904e-11
6.183100494e-11
6.208611472e-11
0
6.208724004e-11
0
0
0
0
0
6.179221276e-11
6.287103848e-11
6.182930215e-11
6.241009034e-11
6.228249252e-11
6.207646047e-11
6.251955828e-11
6.473635877e-11
0
0
0
0
0
0
0
0
0
0
0
0
0
0
0
6.197427678e-11
6.251801136e-11
6.17601344e-11
6.231669074e-11
6.284921008e-11
6.279537081e-11
0
0
0
0
0
0
0
6.238319405e-11
0
6.336710914e-11
0
0
0
0
0
0
0
6.167223969e-11
6.269527143e-11
6.188051019e-11
6.335358608e-11
0
0
0
0
0
0
0
0
6.497832339e-11
6.334361776e-11
6.536668338e-11
0
0
0
0
0
0
0
0
6.169400304e-11
9.10181312e-11
9.101348164e-11
0
0
0
0
0
0
0
0
6.804025381e-11
6.589645481e-11
6.927797604e-11
0
0
0
0
0
0
0
0
0
9.054921177e-11
0
0
0
0
0
0
0
0
0
6.650501878e-11
7.221785422e-11
0
0
0
0
0
0
0
0
0
0
0
0
0
0
0
0
0
0
0
0
7.654111219e-11
8.158514895e-11
0
0
0
0
0
0
0
0
0
0
0
0
0
0
0
0
0
0
0
0
8.255076906e-11
9.020856463e-11
0
0
0
0
0
0
0
0
0
0
0
0
0
0
0
0
0
0
0
0
7.988999828e-11
1.00479384e-10
0
0
0
0
0
0
0
0
0
0
0
0
0
0
0
0
0
0
0
0
9.459057117e-11
1.165437212e-10
0
0
0
0
0
0
0
0
0
0
0
0
0
0
0
0
0
0
0
0
6.329335345e-11
6.32476847e-11
0
0
0
0
0
0
0
0
0
0
0
0
0
0
0
0
0
0
0
0
6.287936158e-11
6.075579314e-11
0
0
0
0
0
0
0
0
0
0
0
0
0
0
0
0
0
0
0
0
6.119736902e-11
6.293598361e-11
0
0
0
0
0
0
0
0
0
0
0
0
0
0
0
0
0
0
0
0
6.122163427e-11
6.37476929e-11
0
0
0
0
0
0
0
0
0
0
0
0
0
0
0
0
0
0
0
0
6.440336279e-11
6.527819753e-11
0
0
0
0
0
0
0
0
0
0
0
0
0
0
0
0
0
0
0
0
6.205241318e-11
6.900437985e-11
0
0
0
0
0
0
0
0
0
0
0
0
0
0
0
0
0
0
0
0
6.585357077e-11
7.38052464e-11
0
0
0
0
0
0
0
0
0
0
0
0
0
0
0
0
0
0
0
0
6.398362349e-11
7.885776166e-11
0
0
0
0
0
0
0
0
0
0
0
0
0
0
0
0
0
0
0
0
6.853699081e-11
8.371894226e-11
0
0
0
0
0
0
0
0
0
0
0
0
0
0
0
0
0
0
0
0
6.838012534e-11
8.90627917e-11
0
0
0
0
0
0
0
0
0
0
0
0
0
0
0
0
0
0
0
0
6.645998038e-11
9.68312122e-11
0
0
0
0
0
0
0
0
0
0
0
0
0
0
0
0
0
0
0
0
7.923630273e-11
1.078786056e-10
0
0
0
0
0
0
0
0
0
0
0
0
0
0
0
0
0
0
0
0
8.845328695e-11
1.189425011e-10
0
0
0
0
0
0
0
0
0
0
0
0
0
0
0
0
0
0
0
0
1.003474944e-10
1.319955069e-10
0
0
0
0
0
0
0
0
0
0
0
0
0
0
0
0
0
0
0
0
1.138047104e-10
1.457052607e-10
0
0
0
0
0
0
0
0
0
0
0
0
0
0
0
0
0
0
0
0
1.293806372e-10
1.604260564e-10
0
0
0
0
0
0
0
0
0
0
0
0
0
0
0
0
0
0
0
0
1.399333523e-10
1.69458924e-10
0
0
0
0
0
0
0
0
0
0
0
0
0
0
0
0
0
0
0
0
1.420537491e-10
1.951842286e-10
0
0
0
0
0
0
0
0
0
0
0
0
0
0
0
0
0
0
0
0
1.703195428e-10
2.183277861e-10
0
0
0
0
0
0
0
0
0
0
0
0
0
0
0
0
0
0
0
0
1.884071173e-10
2.41799013e-10
0
0
0
0
0
0
0
0
0
0
0
0
0
0
0
0
0
0
0
0
2.157077733e-10
2.68422556e-10
0
0
0
0
0
0
0
0
0
0
0
0
0
0
0
0
0
0
0
0
2.442466268e-10
2.935209536e-10
0
0
0
0
0
0
0
0
0
0
0
0
0
0
0
0
0
0
0
0
2.735619219e-10
3.149676142e-10
0
0
0
0
0
0
0
0
0
0
0
0
0
0
0
0
0
0
0
0
3.067641171e-10
3.396394176e-10
0
0
0
0
0
0
0
0
0
0
0
0
0
0
0
0
0
0
0
0
3.268557795e-10
3.562646437e-10
0
0
0
0
0
0
0
0
0
0
0
0
0
0
0
0
0
0
0
0
3.296278931e-10
3.703576119e-10
0
0
0
0
0
0
0
0
0
0
0
0
0
0
0
0
0
0
0
0
3.229507787e-10
3.968428874e-10
0
0
0
0
0
0
0
0
0
0
0
0
0
0
0
0
0
0
0
0
3.822226505e-10
4.17375991e-10
0
0
0
0
0
0
0
0
0
0
0
0
0
0
0
0
0
0
0
0
4.049103563e-10
4.583953654e-10
0
0
0
0
0
0
0
0
0
0
0
0
0
0
0
0
0
0
0
0
4.093538813e-10
4.662226857e-10
0
0
0
0
0
0
0
0
0
0
0
0
0
0
0
0
0
0
0
0
4.861651576e-10
5.151220822e-10
0
0
0
0
0
0
0
0
0
0
0
0
0
0
0
0
0
0
0
0
5.114449436e-10
5.152967791e-10
0
0
0
0
0
0
0
0
0
0
0
0
0
0
0
0
0
0
0
0
5.449234335e-10
5.306899968e-10
0
0
0
0
0
0
0
0
0
0
0
0
0
0
0
0
0
0
0
0
5.419410523e-10
5.263904448e-10
0
0
0
0
0
0
0
0
0
0
0
0
0
0
0
0
0
0
0
0
5.511779634e-10
5.311008699e-10
0
0
0
0
0
0
0
0
0
0
0
0
0
0
0
0
0
0
0
0
5.383931571e-10
5.323402817e-10
0
0
0
0
0
0
0
0
0
0
0
0
0
0
0
0
0
0
0
0
0
0
0
0
0
0
0
0
0
0
0
0
0
0
0
0
0
0
0
0
0
0
0
0
0
0
0
0
0
0
0
0
0
0
0
0
0
0
0
0
0
0
0
0
0
0
0
0
0
0
0
0
0
0
0
0
0
0
0
0
0
0
0
0
0
0
0
0
0
0
0
0
0
0
0
0
0
0
0
0
0
0
0
0
0
0
0
0
0
0
6.617263823e-10
5.708651626e-10
5.729474475e-10
5.934020295e-10
0
0
0
0
0
0
0
0
0
)
;

boundaryField
{
    inlet
    {
        type            calculated;
        value           uniform 0;
    }
    frontandback
    {
        type            empty;
    }
    walls
    {
        type            calculated;
        value           uniform 0;
    }
    outlet
    {
        type            calculated;
        value           uniform 0;
    }
}


// ************************************************************************* //
