/*--------------------------------*- C++ -*----------------------------------*\
  =========                 |
  \\      /  F ield         | OpenFOAM: The Open Source CFD Toolbox
   \\    /   O peration     | Website:  https://openfoam.org
    \\  /    A nd           | Version:  9
     \\/     M anipulation  |
\*---------------------------------------------------------------------------*/
FoamFile
{
    format      ascii;
    class       volScalarField;
    location    "10";
    object      Xi_gas_gas7;
}
// * * * * * * * * * * * * * * * * * * * * * * * * * * * * * * * * * * * * * //

dimensions      [0 0 0 0 0 0 0];

internalField   nonuniform List<scalar> 
2215
(
0
0
0
0
0
0
0
0
0
0
0
0
0
0
0
0
0
0
0
0
0
0
0
0
0
0
0
0
0
0
0
0
0
0
0
0
0
0
0
0
0
0
0
0
0
0
0
0
0
0
0
0
0
0
0
0
0
0
0
0
0
0
0
0
0
0
0
0
0
0
0
0
0
0
0
0
0
0
0
0
0
0
0
0
0
0
0
0
0
0
0
0
0
0
0
0
0
0
0
0
0
0
0
0
0
0
0
0
0
0
0
0
0
0
0
0
0
0
0
0
0
0
0
0
0
0
0
0
0
0
0
0
0
0
0
0
0
0
0
0
0
0
0
0
0
0
0
0
0
0
0
0
0
0
0
0
0
0
0
0
0
0
0
0
0
0
0
0
0
0
0
0
0
0
0
0
0
0
0
0
0
0
0
0
0
0
0
0
0
0
0
0
0
0
0
0
0
0
0
0
0
0
0
0
0
0
0
0
0
0
0
0
0
0
0
0
0
0
0
0
0
0
0
0
0
0
0
0
0
0
0
0
0
0
0
0
0
0
0
0
0
0
0
0
0
0
0
0
0
0
0
0
0
0
0
0
0
0
0
0
0
0
0
0
0
0
0
0
0
0
0
0
0
0
0
0
0
0
0
0
0
0
0
0
0
0
0
0
0
0
0
0
0
0
0
0
0
0
0
0
0
0
0
0
0
0
0
0
0
0
0
0
0
0
0
0
0
0
0
0
0
0
0
0
0
0
0
0
0
0
0
0
0
0
0
0
0
0
0
0
0
0
0
0
0
0
0
0
0
0
0
0
0
0
0
0
0
0
0
0
0
0
0
0
0
0
0
0
0
0
0
0
0
0
0
0
0
0
0
0
0
0
0
0
0
0
0
0
0
0
0
0
0
0
0
0
0
0
0
0
0
0
0
0
0
0
0
0
0
0
0
0
0
0
0
0
0
0
0
0
0
0
0
0
0
0
0
0
0
0
0
0
0
0
0
0
0
0
0
0
0
0
0
0
0
0
0
0
0
0
0
0
0
0
0
0
0
0
0
0
0
0
0
0
0
0
0
0
0
0
0
0
0
0
0
0
0
0
0
0
0
0
0
0
0
0
0
0
0
0
0
0
0
0
0
0
0
0
0
0
0
0
0
0
0
0
0
0
0
0
0
0
0
0
0
0
0
0
0
0
0
0
0
0
0
0
0
0
0
0
0
0
0
0
0
0
0
0
0
0
0
0
0
0
0
0
0
0
0
0
0
0
0
0
0
0
0
0
0
0
0
0
0
0
0
0
0
0
0
0
0
0
0
0
0
0
0
0
0
0
0
0
0
0
0
0
0
0
0
0
0
0
0
0
0
0
0
0
0
0
0
0
0
0
0
0
0
0
0
0
0
0
0
0
0
0
0
0
0
0
0
0
0
0
0
0
0
0
0
0
0
0
0
0
0
0
0
0
0
0
0
0
0
0
0
0
0
0
0
0
0
0
0
0
0
0
0
0
0
0
0
0
0
0
0
0
0
0
0
0
0
0
0
0
0
0
0
0
0
0
0
0
0
0
0
0
0
0
0
0
0
0
0
0
0
0
0
0
0
0
0
0
0
0
0
0
0
0
0
0
0
0
0
0
0
0
0
0
0
0
0
0
0
0
0
0
0
0
0
0
0
0
0
0
0
0
0
0
0
0
0
0
0
0
0
0
0
0
0
0
0
0
0
0
0
0
0
0
0
0
0
0
0
0
0
0
0
0
0
0
0
0
0
0
0
0
0
0
0
0
0
0
0
0
0
0
0
0
0
0
0
0
0
0
0
0
0
0
0
0
0
0
0
0
0
0
0
0
0
0
0
0
0
0
0
0
0
0
0
0
0
0
0
0
0
0
0
0
0
0
0
0
0
0
0
0
0
0
0
0
0
0
0
0
0
0
0
0
0
0
0
0
0
0
0
0
0
0
0
0
0
0
0
0
0
0
0
0
0
0
0
0
0
0
0
0
0
0
0
0
0
0
0
0
0
0
0
0
0
0
0
0
0
0
0
0
0
0
0
0
0
0
0
0
0
0
0
0
0
0
0
0
0
0
0
0
0
0
0
0
0
0
0
0
0
4.874681826e-10
4.874075049e-10
4.874083035e-10
4.874254585e-10
4.874951768e-10
4.87537709e-10
0
0
0
0
0
0
0
0
0
0
0
0
0
0
0
4.873699012e-10
4.873844653e-10
4.873899924e-10
4.873852975e-10
4.873748e-10
4.873865351e-10
4.874125752e-10
4.874566367e-10
4.876168999e-10
0
0
0
0
0
0
0
0
0
0
0
0
0
4.873176123e-10
4.873206173e-10
4.8731786e-10
4.873175385e-10
4.873194853e-10
4.873629428e-10
4.873664855e-10
4.874046131e-10
4.874296814e-10
4.874902803e-10
0
0
0
0
0
0
0
0
0
0
0
0
4.873206542e-10
4.873188837e-10
4.873126725e-10
4.873101133e-10
4.873082749e-10
4.87309553e-10
4.873127362e-10
4.873540569e-10
4.874030509e-10
4.874239011e-10
4.874947316e-10
0
0
0
0
0
0
0
0
0
0
0
4.873127891e-10
4.873101512e-10
4.873062652e-10
4.873015019e-10
4.87301561e-10
4.873025303e-10
4.873032765e-10
4.87323983e-10
4.87347272e-10
4.873912543e-10
4.874376835e-10
4.875369041e-10
0
0
0
0
0
0
0
0
0
0
4.873060277e-10
4.873079243e-10
4.873029719e-10
4.873006009e-10
4.87299277e-10
4.872997274e-10
4.873001377e-10
4.8730427e-10
4.873250598e-10
4.87371644e-10
4.874085323e-10
4.874485031e-10
4.875743431e-10
0
0
0
0
0
0
0
0
0
4.873047432e-10
4.873114318e-10
4.873028468e-10
4.872992496e-10
0
0
0
4.873010431e-10
4.873145882e-10
4.873322791e-10
4.873800868e-10
4.874222447e-10
4.874632215e-10
4.876750545e-10
4.876003143e-10
4.874391845e-10
4.874734249e-10
4.875450145e-10
4.876592223e-10
4.875780151e-10
4.874732619e-10
4.876142209e-10
4.873041927e-10
4.873090459e-10
4.873001873e-10
4.872989788e-10
0
0
0
0
4.873056797e-10
4.873196551e-10
4.873518029e-10
4.873930644e-10
4.874259034e-10
4.874708468e-10
4.874139403e-10
4.873856334e-10
4.873834261e-10
4.873982055e-10
4.873929791e-10
4.873936125e-10
4.873925354e-10
4.873945014e-10
4.87303482e-10
0
4.873000592e-10
0
0
0
0
0
4.873022659e-10
4.873101537e-10
4.873243871e-10
4.873632264e-10
4.874005342e-10
4.874022634e-10
4.873809335e-10
4.873766969e-10
0
0
0
0
0
0
0
0
0
0
0
0
0
0
0
4.873027826e-10
4.873182767e-10
4.873347411e-10
4.873551945e-10
4.873810203e-10
4.873785103e-10
0
0
0
0
0
0
0
4.873024426e-10
0
4.872987947e-10
0
0
0
0
0
0
0
4.873038345e-10
4.87320028e-10
4.873318512e-10
4.873589683e-10
0
0
0
0
0
0
0
0
4.873020426e-10
4.873031502e-10
4.872985052e-10
0
0
0
0
0
0
0
0
4.87317908e-10
4.873095185e-10
4.873157891e-10
0
0
0
0
0
0
0
0
4.873017862e-10
4.873022843e-10
4.872984394e-10
0
0
0
0
0
0
0
0
0
4.872990097e-10
0
0
0
0
0
0
0
0
0
4.873009333e-10
4.873021905e-10
0
0
0
0
0
0
0
0
0
0
0
0
0
0
0
0
0
0
0
0
4.873021691e-10
4.873033969e-10
0
0
0
0
0
0
0
0
0
0
0
0
0
0
0
0
0
0
0
0
4.873022033e-10
4.873032375e-10
0
0
0
0
0
0
0
0
0
0
0
0
0
0
0
0
0
0
0
0
4.873029918e-10
4.873034746e-10
0
0
0
0
0
0
0
0
0
0
0
0
0
0
0
0
0
0
0
0
4.873050595e-10
4.873035344e-10
0
0
0
0
0
0
0
0
0
0
0
0
0
0
0
0
0
0
0
0
4.87380946e-10
4.874339545e-10
0
0
0
0
0
0
0
0
0
0
0
0
0
0
0
0
0
0
0
0
4.874964868e-10
4.874382689e-10
0
0
0
0
0
0
0
0
0
0
0
0
0
0
0
0
0
0
0
0
4.875067713e-10
4.874408534e-10
0
0
0
0
0
0
0
0
0
0
0
0
0
0
0
0
0
0
0
0
4.87506153e-10
4.874430443e-10
0
0
0
0
0
0
0
0
0
0
0
0
0
0
0
0
0
0
0
0
4.875118047e-10
4.874445792e-10
0
0
0
0
0
0
0
0
0
0
0
0
0
0
0
0
0
0
0
0
4.875131576e-10
4.874463908e-10
0
0
0
0
0
0
0
0
0
0
0
0
0
0
0
0
0
0
0
0
4.875149007e-10
4.874476634e-10
0
0
0
0
0
0
0
0
0
0
0
0
0
0
0
0
0
0
0
0
4.875154531e-10
4.874491314e-10
0
0
0
0
0
0
0
0
0
0
0
0
0
0
0
0
0
0
0
0
4.875167997e-10
4.874503065e-10
0
0
0
0
0
0
0
0
0
0
0
0
0
0
0
0
0
0
0
0
4.875182153e-10
4.874507711e-10
0
0
0
0
0
0
0
0
0
0
0
0
0
0
0
0
0
0
0
0
4.875176586e-10
4.874513506e-10
0
0
0
0
0
0
0
0
0
0
0
0
0
0
0
0
0
0
0
0
4.875203315e-10
4.874515853e-10
0
0
0
0
0
0
0
0
0
0
0
0
0
0
0
0
0
0
0
0
4.875218664e-10
4.874519736e-10
0
0
0
0
0
0
0
0
0
0
0
0
0
0
0
0
0
0
0
0
4.875247767e-10
4.874523353e-10
0
0
0
0
0
0
0
0
0
0
0
0
0
0
0
0
0
0
0
0
4.875289579e-10
4.874530828e-10
0
0
0
0
0
0
0
0
0
0
0
0
0
0
0
0
0
0
0
0
4.875344546e-10
4.874535413e-10
0
0
0
0
0
0
0
0
0
0
0
0
0
0
0
0
0
0
0
0
4.875384122e-10
4.874540727e-10
0
0
0
0
0
0
0
0
0
0
0
0
0
0
0
0
0
0
0
0
4.875387856e-10
4.874555233e-10
0
0
0
0
0
0
0
0
0
0
0
0
0
0
0
0
0
0
0
0
4.875507816e-10
4.874567202e-10
0
0
0
0
0
0
0
0
0
0
0
0
0
0
0
0
0
0
0
0
4.875608543e-10
4.874582371e-10
0
0
0
0
0
0
0
0
0
0
0
0
0
0
0
0
0
0
0
0
4.875771521e-10
4.874598778e-10
0
0
0
0
0
0
0
0
0
0
0
0
0
0
0
0
0
0
0
0
4.875988738e-10
4.874618041e-10
0
0
0
0
0
0
0
0
0
0
0
0
0
0
0
0
0
0
0
0
4.876254617e-10
4.874636551e-10
0
0
0
0
0
0
0
0
0
0
0
0
0
0
0
0
0
0
0
0
4.87665187e-10
4.874660007e-10
0
0
0
0
0
0
0
0
0
0
0
0
0
0
0
0
0
0
0
0
4.876877715e-10
4.874679769e-10
0
0
0
0
0
0
0
0
0
0
0
0
0
0
0
0
0
0
0
0
4.876903353e-10
4.874698961e-10
0
0
0
0
0
0
0
0
0
0
0
0
0
0
0
0
0
0
0
0
4.876920272e-10
4.874726533e-10
0
0
0
0
0
0
0
0
0
0
0
0
0
0
0
0
0
0
0
0
4.87763723e-10
4.874757283e-10
0
0
0
0
0
0
0
0
0
0
0
0
0
0
0
0
0
0
0
0
4.877982831e-10
4.874800148e-10
0
0
0
0
0
0
0
0
0
0
0
0
0
0
0
0
0
0
0
0
4.878061392e-10
4.874832117e-10
0
0
0
0
0
0
0
0
0
0
0
0
0
0
0
0
0
0
0
0
4.879345936e-10
4.874906902e-10
0
0
0
0
0
0
0
0
0
0
0
0
0
0
0
0
0
0
0
0
4.880171663e-10
4.874945713e-10
0
0
0
0
0
0
0
0
0
0
0
0
0
0
0
0
0
0
0
0
4.881457481e-10
4.875052908e-10
0
0
0
0
0
0
0
0
0
0
0
0
0
0
0
0
0
0
0
0
4.881987519e-10
4.875159895e-10
0
0
0
0
0
0
0
0
0
0
0
0
0
0
0
0
0
0
0
0
4.881800225e-10
4.875243866e-10
0
0
0
0
0
0
0
0
0
0
0
0
0
0
0
0
0
0
0
0
4.879850856e-10
4.874674239e-10
0
0
0
0
0
0
0
0
0
0
0
0
0
0
0
0
0
0
0
0
0
0
0
0
0
0
0
0
0
0
0
0
0
0
0
0
0
0
0
0
0
0
0
0
0
0
0
0
0
0
0
0
0
0
0
0
0
0
0
0
0
0
0
0
0
0
0
0
0
0
0
0
0
0
0
0
0
0
0
0
0
0
0
0
0
0
0
0
0
0
0
0
0
0
0
0
0
0
0
0
0
0
0
0
0
0
0
0
0
0
4.937683389e-10
4.874521689e-10
4.874359659e-10
4.874329663e-10
0
0
0
0
0
0
0
0
0
)
;

boundaryField
{
    inlet
    {
        type            calculated;
        value           uniform 0;
    }
    frontandback
    {
        type            empty;
    }
    walls
    {
        type            calculated;
        value           uniform 0;
    }
    outlet
    {
        type            calculated;
        value           uniform 0;
    }
}


// ************************************************************************* //
