/*--------------------------------*- C++ -*----------------------------------*\
  =========                 |
  \\      /  F ield         | OpenFOAM: The Open Source CFD Toolbox
   \\    /   O peration     | Website:  https://openfoam.org
    \\  /    A nd           | Version:  9
     \\/     M anipulation  |
\*---------------------------------------------------------------------------*/
FoamFile
{
    format      ascii;
    class       volScalarField;
    location    "10";
    object      Xi_gas_gas12;
}
// * * * * * * * * * * * * * * * * * * * * * * * * * * * * * * * * * * * * * //

dimensions      [0 0 0 0 0 0 0];

internalField   nonuniform List<scalar> 
2215
(
0
0
0
0
0
0
0
0
0
0
0
0
0
0
0
0
0
0
0
0
0
0
0
0
0
0
0
0
0
0
0
0
0
0
0
0
0
0
0
0
0
0
0
0
0
0
0
0
0
0
0
0
0
0
0
0
0
0
0
0
0
0
0
0
0
0
0
0
0
0
0
0
0
0
0
0
0
0
0
0
0
0
0
0
0
0
0
0
0
0
0
0
0
0
0
0
0
0
0
0
0
0
0
0
0
0
0
0
0
0
0
0
0
0
0
0
0
0
0
0
0
0
0
0
0
0
0
0
0
0
0
0
0
0
0
0
0
0
0
0
0
0
0
0
0
0
0
0
0
0
0
0
0
0
0
0
0
0
0
0
0
0
0
0
0
0
0
0
0
0
0
0
0
0
0
0
0
0
0
0
0
0
0
0
0
0
0
0
0
0
0
0
0
0
0
0
0
0
0
0
0
0
0
0
0
0
0
0
0
0
0
0
0
0
0
0
0
0
0
0
0
0
0
0
0
0
0
0
0
0
0
0
0
0
0
0
0
0
0
0
0
0
0
0
0
0
0
0
0
0
0
0
0
0
0
0
0
0
0
0
0
0
0
0
0
0
0
0
0
0
0
0
0
0
0
0
0
0
0
0
0
0
0
0
0
0
0
0
0
0
0
0
0
0
0
0
0
0
0
0
0
0
0
0
0
0
0
0
0
0
0
0
0
0
0
0
0
0
0
0
0
0
0
0
0
0
0
0
0
0
0
0
0
0
0
0
0
0
0
0
0
0
0
0
0
0
0
0
0
0
0
0
0
0
0
0
0
0
0
0
0
0
0
0
0
0
0
0
0
0
0
0
0
0
0
0
0
0
0
0
0
0
0
0
0
0
0
0
0
0
0
0
0
0
0
0
0
0
0
0
0
0
0
0
0
0
0
0
0
0
0
0
0
0
0
0
0
0
0
0
0
0
0
0
0
0
0
0
0
0
0
0
0
0
0
0
0
0
0
0
0
0
0
0
0
0
0
0
0
0
0
0
0
0
0
0
0
0
0
0
0
0
0
0
0
0
0
0
0
0
0
0
0
0
0
0
0
0
0
0
0
0
0
0
0
0
0
0
0
0
0
0
0
0
0
0
0
0
0
0
0
0
0
0
0
0
0
0
0
0
0
0
0
0
0
0
0
0
0
0
0
0
0
0
0
0
0
0
0
0
0
0
0
0
0
0
0
0
0
0
0
0
0
0
0
0
0
0
0
0
0
0
0
0
0
0
0
0
0
0
0
0
0
0
0
0
0
0
0
0
0
0
0
0
0
0
0
0
0
0
0
0
0
0
0
0
0
0
0
0
0
0
0
0
0
0
0
0
0
0
0
0
0
0
0
0
0
0
0
0
0
0
0
0
0
0
0
0
0
0
0
0
0
0
0
0
0
0
0
0
0
0
0
0
0
0
0
0
0
0
0
0
0
0
0
0
0
0
0
0
0
0
0
0
0
0
0
0
0
0
0
0
0
0
0
0
0
0
0
0
0
0
0
0
0
0
0
0
0
0
0
0
0
0
0
0
0
0
0
0
0
0
0
0
0
0
0
0
0
0
0
0
0
0
0
0
0
0
0
0
0
0
0
0
0
0
0
0
0
0
0
0
0
0
0
0
0
0
0
0
0
0
0
0
0
0
0
0
0
0
0
0
0
0
0
0
0
0
0
0
0
0
0
0
0
0
0
0
0
0
0
0
0
0
0
0
0
0
0
0
0
0
0
0
0
0
0
0
0
0
0
0
0
0
0
0
0
0
0
0
0
0
0
0
0
0
0
0
0
0
0
0
0
0
0
0
0
0
0
0
0
0
0
0
0
0
0
0
0
0
0
0
0
0
0
0
0
0
0
0
0
0
0
0
0
0
0
0
0
0
0
0
0
0
0
0
0
0
0
0
0
0
0
0
0
0
0
0
0
0
0
0
0
0
0
0
0
0
0
0
0
0
0
0
0
0
0
0
0
0
0
0
0
0
0
0
0
0
0
0
0
0
0
0
0
0
0
0
0
0
0
0
0
0
0
0
0
0
0
0
0
0
0
0
0
0
0
0
0
0
0
0
0
0
0
2.483821817e-14
2.484005143e-14
2.483986624e-14
2.483805838e-14
2.483245745e-14
2.483069394e-14
0
0
0
0
0
0
0
0
0
0
0
0
0
0
0
2.484550295e-14
2.484246074e-14
2.484184461e-14
2.484290523e-14
2.484443633e-14
2.484194817e-14
2.483828389e-14
2.483436204e-14
2.482307712e-14
0
0
0
0
0
0
0
0
0
0
0
0
0
2.485067266e-14
2.484786804e-14
2.484843032e-14
2.484904216e-14
2.484995863e-14
2.484570661e-14
2.484508824e-14
2.483992485e-14
2.483632225e-14
2.483145426e-14
0
0
0
0
0
0
0
0
0
0
0
0
2.4847285e-14
2.484771592e-14
2.484984842e-14
2.485227089e-14
2.485421341e-14
2.485419717e-14
2.485321124e-14
2.484681375e-14
2.484040418e-14
2.483757637e-14
2.483111679e-14
0
0
0
0
0
0
0
0
0
0
0
2.484746047e-14
2.484882927e-14
2.485298912e-14
2.485560542e-14
2.485703918e-14
2.485697576e-14
2.485667755e-14
2.485347204e-14
2.484776532e-14
2.484163953e-14
2.483643531e-14
2.482735384e-14
0
0
0
0
0
0
0
0
0
0
2.484749006e-14
2.485038288e-14
2.485530389e-14
2.485703679e-14
2.485822475e-14
2.485828957e-14
2.485809252e-14
2.485721029e-14
2.485249527e-14
2.484485491e-14
2.484028497e-14
2.483569159e-14
2.48251284e-14
0
0
0
0
0
0
0
0
0
2.484740627e-14
2.485191749e-14
2.485640002e-14
2.485862974e-14
0
0
0
2.485879222e-14
2.485610281e-14
2.485034957e-14
2.484365651e-14
2.483917644e-14
2.483567339e-14
2.481854678e-14
2.482526036e-14
2.483993778e-14
2.483719889e-14
2.483133227e-14
2.481701532e-14
2.482780755e-14
2.48368199e-14
2.482511622e-14
2.484738484e-14
2.485367438e-14
2.4857706e-14
2.485931043e-14
0
0
0
0
2.485853655e-14
2.485393551e-14
2.484806171e-14
2.484259044e-14
2.483950572e-14
2.483672322e-14
2.484212659e-14
2.484457394e-14
2.484480535e-14
2.484317018e-14
2.484405716e-14
2.484388813e-14
2.484402702e-14
2.484388652e-14
2.484736002e-14
0
2.485820352e-14
0
0
0
0
0
2.485971043e-14
2.485696588e-14
2.485251651e-14
2.484668287e-14
2.484306293e-14
2.484280386e-14
2.484533251e-14
2.484499228e-14
0
0
0
0
0
0
0
0
0
0
0
0
0
0
0
2.485947258e-14
2.485478344e-14
2.485111848e-14
2.484815087e-14
2.484512547e-14
2.484518405e-14
0
0
0
0
0
0
0
2.484728144e-14
0
2.485882868e-14
0
0
0
0
0
0
0
2.485882002e-14
2.485388781e-14
2.485150834e-14
2.484818196e-14
0
0
0
0
0
0
0
0
2.484727074e-14
2.485643776e-14
2.485901639e-14
0
0
0
0
0
0
0
0
2.485609191e-14
2.48550534e-14
2.485289735e-14
0
0
0
0
0
0
0
0
2.484716877e-14
2.485673133e-14
2.485910664e-14
0
0
0
0
0
0
0
0
0
2.485764334e-14
0
0
0
0
0
0
0
0
0
2.484719961e-14
2.485698375e-14
0
0
0
0
0
0
0
0
0
0
0
0
0
0
0
0
0
0
0
0
2.484711602e-14
2.485700964e-14
0
0
0
0
0
0
0
0
0
0
0
0
0
0
0
0
0
0
0
0
2.4847128e-14
2.485713035e-14
0
0
0
0
0
0
0
0
0
0
0
0
0
0
0
0
0
0
0
0
2.484720571e-14
2.485717236e-14
0
0
0
0
0
0
0
0
0
0
0
0
0
0
0
0
0
0
0
0
2.484701388e-14
2.48571956e-14
0
0
0
0
0
0
0
0
0
0
0
0
0
0
0
0
0
0
0
0
2.484270236e-14
2.483253021e-14
0
0
0
0
0
0
0
0
0
0
0
0
0
0
0
0
0
0
0
0
2.48205569e-14
2.483148576e-14
0
0
0
0
0
0
0
0
0
0
0
0
0
0
0
0
0
0
0
0
2.48163574e-14
2.483099399e-14
0
0
0
0
0
0
0
0
0
0
0
0
0
0
0
0
0
0
0
0
2.481631594e-14
2.483065596e-14
0
0
0
0
0
0
0
0
0
0
0
0
0
0
0
0
0
0
0
0
2.481622827e-14
2.48304263e-14
0
0
0
0
0
0
0
0
0
0
0
0
0
0
0
0
0
0
0
0
2.481567008e-14
2.483014473e-14
0
0
0
0
0
0
0
0
0
0
0
0
0
0
0
0
0
0
0
0
2.481524973e-14
2.482996763e-14
0
0
0
0
0
0
0
0
0
0
0
0
0
0
0
0
0
0
0
0
2.481491527e-14
2.482976031e-14
0
0
0
0
0
0
0
0
0
0
0
0
0
0
0
0
0
0
0
0
2.481469536e-14
2.482961416e-14
0
0
0
0
0
0
0
0
0
0
0
0
0
0
0
0
0
0
0
0
2.481448524e-14
2.482954414e-14
0
0
0
0
0
0
0
0
0
0
0
0
0
0
0
0
0
0
0
0
2.481454142e-14
2.482948917e-14
0
0
0
0
0
0
0
0
0
0
0
0
0
0
0
0
0
0
0
0
2.481429936e-14
2.482946448e-14
0
0
0
0
0
0
0
0
0
0
0
0
0
0
0
0
0
0
0
0
2.481416603e-14
2.482943697e-14
0
0
0
0
0
0
0
0
0
0
0
0
0
0
0
0
0
0
0
0
2.481394649e-14
2.482940793e-14
0
0
0
0
0
0
0
0
0
0
0
0
0
0
0
0
0
0
0
0
2.481366494e-14
2.482934367e-14
0
0
0
0
0
0
0
0
0
0
0
0
0
0
0
0
0
0
0
0
2.481323166e-14
2.482929293e-14
0
0
0
0
0
0
0
0
0
0
0
0
0
0
0
0
0
0
0
0
2.481286281e-14
2.482922463e-14
0
0
0
0
0
0
0
0
0
0
0
0
0
0
0
0
0
0
0
0
2.481268753e-14
2.482908525e-14
0
0
0
0
0
0
0
0
0
0
0
0
0
0
0
0
0
0
0
0
2.481161236e-14
2.482895454e-14
0
0
0
0
0
0
0
0
0
0
0
0
0
0
0
0
0
0
0
0
2.481072216e-14
2.482880099e-14
0
0
0
0
0
0
0
0
0
0
0
0
0
0
0
0
0
0
0
0
2.480927444e-14
2.48286302e-14
0
0
0
0
0
0
0
0
0
0
0
0
0
0
0
0
0
0
0
0
2.48075616e-14
2.482844882e-14
0
0
0
0
0
0
0
0
0
0
0
0
0
0
0
0
0
0
0
0
2.480553758e-14
2.48282843e-14
0
0
0
0
0
0
0
0
0
0
0
0
0
0
0
0
0
0
0
0
2.480302455e-14
2.482808052e-14
0
0
0
0
0
0
0
0
0
0
0
0
0
0
0
0
0
0
0
0
2.480127828e-14
2.482793095e-14
0
0
0
0
0
0
0
0
0
0
0
0
0
0
0
0
0
0
0
0
2.480106651e-14
2.482779496e-14
0
0
0
0
0
0
0
0
0
0
0
0
0
0
0
0
0
0
0
0
2.480219714e-14
2.482758427e-14
0
0
0
0
0
0
0
0
0
0
0
0
0
0
0
0
0
0
0
0
2.479594414e-14
2.482740313e-14
0
0
0
0
0
0
0
0
0
0
0
0
0
0
0
0
0
0
0
0
2.479275373e-14
2.482703954e-14
0
0
0
0
0
0
0
0
0
0
0
0
0
0
0
0
0
0
0
0
2.479233906e-14
2.482692e-14
0
0
0
0
0
0
0
0
0
0
0
0
0
0
0
0
0
0
0
0
2.477971653e-14
2.482633634e-14
0
0
0
0
0
0
0
0
0
0
0
0
0
0
0
0
0
0
0
0
2.477384412e-14
2.482626789e-14
0
0
0
0
0
0
0
0
0
0
0
0
0
0
0
0
0
0
0
0
2.476361949e-14
2.482560367e-14
0
0
0
0
0
0
0
0
0
0
0
0
0
0
0
0
0
0
0
0
2.476117155e-14
2.482517696e-14
0
0
0
0
0
0
0
0
0
0
0
0
0
0
0
0
0
0
0
0
2.476396243e-14
2.482472455e-14
0
0
0
0
0
0
0
0
0
0
0
0
0
0
0
0
0
0
0
0
2.478453219e-14
2.483033588e-14
0
0
0
0
0
0
0
0
0
0
0
0
0
0
0
0
0
0
0
0
0
0
0
0
0
0
0
0
0
0
0
0
0
0
0
0
0
0
0
0
0
0
0
0
0
0
0
0
0
0
0
0
0
0
0
0
0
0
0
0
0
0
0
0
0
0
0
0
0
0
0
0
0
0
0
0
0
0
0
0
0
0
0
0
0
0
0
0
0
0
0
0
0
0
0
0
0
0
0
0
0
0
0
0
0
0
0
0
0
0
2.425669009e-14
2.483153958e-14
2.483690759e-14
2.483610722e-14
0
0
0
0
0
0
0
0
0
)
;

boundaryField
{
    inlet
    {
        type            calculated;
        value           uniform 0;
    }
    frontandback
    {
        type            empty;
    }
    walls
    {
        type            calculated;
        value           uniform 0;
    }
    outlet
    {
        type            calculated;
        value           uniform 0;
    }
}


// ************************************************************************* //
