/*--------------------------------*- C++ -*----------------------------------*\
  =========                 |
  \\      /  F ield         | OpenFOAM: The Open Source CFD Toolbox
   \\    /   O peration     | Website:  https://openfoam.org
    \\  /    A nd           | Version:  9
     \\/     M anipulation  |
\*---------------------------------------------------------------------------*/
FoamFile
{
    format      ascii;
    class       volScalarField;
    location    "10";
    object      Xi_gas_dummyGas;
}
// * * * * * * * * * * * * * * * * * * * * * * * * * * * * * * * * * * * * * //

dimensions      [0 0 0 0 0 0 0];

internalField   nonuniform List<scalar> 
2215
(
0
0
0
0
0
0
0
0
0
0
0
0
0
0
0
0
0
0
0
0
0
0
0
0
0
0
0
0
0
0
0
0
0
0
0
0
0
0
0
0
0
0
0
0
0
0
0
0
0
0
0
0
0
0
0
0
0
0
0
0
0
0
0
0
0
0
0
0
0
0
0
0
0
0
0
0
0
0
0
0
0
0
0
0
0
0
0
0
0
0
0
0
0
0
0
0
0
0
0
0
0
0
0
0
0
0
0
0
0
0
0
0
0
0
0
0
0
0
0
0
0
0
0
0
0
0
0
0
0
0
0
0
0
0
0
0
0
0
0
0
0
0
0
0
0
0
0
0
0
0
0
0
0
0
0
0
0
0
0
0
0
0
0
0
0
0
0
0
0
0
0
0
0
0
0
0
0
0
0
0
0
0
0
0
0
0
0
0
0
0
0
0
0
0
0
0
0
0
0
0
0
0
0
0
0
0
0
0
0
0
0
0
0
0
0
0
0
0
0
0
0
0
0
0
0
0
0
0
0
0
0
0
0
0
0
0
0
0
0
0
0
0
0
0
0
0
0
0
0
0
0
0
0
0
0
0
0
0
0
0
0
0
0
0
0
0
0
0
0
0
0
0
0
0
0
0
0
0
0
0
0
0
0
0
0
0
0
0
0
0
0
0
0
0
0
0
0
0
0
0
0
0
0
0
0
0
0
0
0
0
0
0
0
0
0
0
0
0
0
0
0
0
0
0
0
0
0
0
0
0
0
0
0
0
0
0
0
0
0
0
0
0
0
0
0
0
0
0
0
0
0
0
0
0
0
0
0
0
0
0
0
0
0
0
0
0
0
0
0
0
0
0
0
0
0
0
0
0
0
0
0
0
0
0
0
0
0
0
0
0
0
0
0
0
0
0
0
0
0
0
0
0
0
0
0
0
0
0
0
0
0
0
0
0
0
0
0
0
0
0
0
0
0
0
0
0
0
0
0
0
0
0
0
0
0
0
0
0
0
0
0
0
0
0
0
0
0
0
0
0
0
0
0
0
0
0
0
0
0
0
0
0
0
0
0
0
0
0
0
0
0
0
0
0
0
0
0
0
0
0
0
0
0
0
0
0
0
0
0
0
0
0
0
0
0
0
0
0
0
0
0
0
0
0
0
0
0
0
0
0
0
0
0
0
0
0
0
0
0
0
0
0
0
0
0
0
0
0
0
0
0
0
0
0
0
0
0
0
0
0
0
0
0
0
0
0
0
0
0
0
0
0
0
0
0
0
0
0
0
0
0
0
0
0
0
0
0
0
0
0
0
0
0
0
0
0
0
0
0
0
0
0
0
0
0
0
0
0
0
0
0
0
0
0
0
0
0
0
0
0
0
0
0
0
0
0
0
0
0
0
0
0
0
0
0
0
0
0
0
0
0
0
0
0
0
0
0
0
0
0
0
0
0
0
0
0
0
0
0
0
0
0
0
0
0
0
0
0
0
0
0
0
0
0
0
0
0
0
0
0
0
0
0
0
0
0
0
0
0
0
0
0
0
0
0
0
0
0
0
0
0
0
0
0
0
0
0
0
0
0
0
0
0
0
0
0
0
0
0
0
0
0
0
0
0
0
0
0
0
0
0
0
0
0
0
0
0
0
0
0
0
0
0
0
0
0
0
0
0
0
0
0
0
0
0
0
0
0
0
0
0
0
0
0
0
0
0
0
0
0
0
0
0
0
0
0
0
0
0
0
0
0
0
0
0
0
0
0
0
0
0
0
0
0
0
0
0
0
0
0
0
0
0
0
0
0
0
0
0
0
0
0
0
0
0
0
0
0
0
0
0
0
0
0
0
0
0
0
0
0
0
0
0
0
0
0
0
0
0
0
0
0
0
0
0
0
0
0
0
0
0
0
0
0
0
0
0
0
0
0
0
0
0
0
0
0
0
0
0
0
0
0
0
0
0
0
0
0
0
0
0
0
0
0
0
0
0
0
0
0
0
0
0
0
0
0
0
0
0
0
0
0
0
0
0
0
0
0
0
0
0
0
0
0
0
0
0
0
0
0
0
0
0
0
0
0
0
0
0
0
0
0
0
0
0
0
0
0
0
0
0
0
0
0
0
0.9974673061
0.9974098712
0.9973935665
0.9974331183
0.9974603943
0.9974575525
0
0
0
0
0
0
0
0
0
0
0
0
0
0
0
0.9973673368
0.9974536273
0.9974534833
0.9973651304
0.9974053902
0.9974611529
0.9974352791
0.9974657663
0.9974650848
0
0
0
0
0
0
0
0
0
0
0
0
0
0.9962526947
0.9965929607
0.9966523708
0.9966156515
0.9964528271
0.9974421035
0.997417698
0.9974222605
0.9974783476
0.9974592155
0
0
0
0
0
0
0
0
0
0
0
0
0.9968284333
0.9969432589
0.9969187055
0.9968630913
0.9967370022
0.9965300066
0.9962088257
0.9974190804
0.9974301575
0.9974554648
0.9974753985
0
0
0
0
0
0
0
0
0
0
0
0.9970943551
0.9971482727
0.9971437995
0.997074105
0.9969563575
0.9966760154
0.9964079195
0.9974423686
0.9974106701
0.9974482
0.9974749888
0.997465077
0
0
0
0
0
0
0
0
0
0
0.997258929
0.9973129211
0.997299438
0.9972386833
0.9970650976
0.9967580903
0.9963428575
0.9960652786
0.9974253101
0.9974400023
0.9974486514
0.9974729325
0.9974760018
0
0
0
0
0
0
0
0
0
0.9973842742
0.9973864776
0.9973515172
0.9973171322
0
0
0
0.9958687227
0.9973613714
0.9974245138
0.9974817772
0.9974523715
0.9974478459
0.9974487834
0.9974648658
0.9974470177
0.9974522523
0.9974484461
0.9973785121
0.9974683294
0.9974652675
0.9974591447
0.9974434488
0.9974575252
0.997420961
0.9973701451
0
0
0
0
0.9974526167
0.9974218185
0.9974283189
0.9974809198
0.9974779627
0.9974416349
0.9974418944
0.9974641043
0.9974455712
0.9974360366
0.997433415
0.9974160865
0.9974393184
0.997479919
0.9974569349
0
0.9974533746
0
0
0
0
0
0.9974750364
0.9973948413
0.9974751962
0.9974346827
0.9974465724
0.9974620729
0.9974275109
0.9972573029
0
0
0
0
0
0
0
0
0
0
0
0
0
0
0
0.997461501
0.9974225462
0.9974811399
0.9974408109
0.9974025808
0.9974065503
0
0
0
0
0
0
0
0.9974346069
0
0.9973560347
0
0
0
0
0
0
0
0.9974843253
0.9974094805
0.9974719347
0.9973624564
0
0
0
0
0
0
0
0
0.99723504
0.9973587109
0.9972002807
0
0
0
0
0
0
0
0
0.9974839816
0.9947776277
0.9947801955
0
0
0
0
0
0
0
0
0.9969891379
0.9971591725
0.9968817539
0
0
0
0
0
0
0
0
0
0.9948266834
0
0
0
0
0
0
0
0
0
0.9971138193
0.9966312589
0
0
0
0
0
0
0
0
0
0
0
0
0
0
0
0
0
0
0
0
0.9962471554
0.9957602167
0
0
0
0
0
0
0
0
0
0
0
0
0
0
0
0
0
0
0
0
0.9956699667
0.9948645135
0
0
0
0
0
0
0
0
0
0
0
0
0
0
0
0
0
0
0
0
0.9959310071
0.9936804057
0
0
0
0
0
0
0
0
0
0
0
0
0
0
0
0
0
0
0
0
0.994382791
0.991572629
0
0
0
0
0
0
0
0
0
0
0
0
0
0
0
0
0
0
0
0
0.9973696066
0.997378129
0
0
0
0
0
0
0
0
0
0
0
0
0
0
0
0
0
0
0
0
0.9974119595
0.9975644423
0
0
0
0
0
0
0
0
0
0
0
0
0
0
0
0
0
0
0
0
0.9975387766
0.9974025084
0
0
0
0
0
0
0
0
0
0
0
0
0
0
0
0
0
0
0
0
0.9975369875
0.9973408577
0
0
0
0
0
0
0
0
0
0
0
0
0
0
0
0
0
0
0
0
0.9972975271
0.997222253
0
0
0
0
0
0
0
0
0
0
0
0
0
0
0
0
0
0
0
0
0.9974759845
0.9969215917
0
0
0
0
0
0
0
0
0
0
0
0
0
0
0
0
0
0
0
0
0.9971847343
0.9965095317
0
0
0
0
0
0
0
0
0
0
0
0
0
0
0
0
0
0
0
0
0.9973304023
0.9960459984
0
0
0
0
0
0
0
0
0
0
0
0
0
0
0
0
0
0
0
0
0.9969688519
0.9955710464
0
0
0
0
0
0
0
0
0
0
0
0
0
0
0
0
0
0
0
0
0.9969818595
0.9950160838
0
0
0
0
0
0
0
0
0
0
0
0
0
0
0
0
0
0
0
0
0.9971369986
0.9941480851
0
0
0
0
0
0
0
0
0
0
0
0
0
0
0
0
0
0
0
0
0.9960215899
0.9927887049
0
0
0
0
0
0
0
0
0
0
0
0
0
0
0
0
0
0
0
0
0.9950954848
0.9912802789
0
0
0
0
0
0
0
0
0
0
0
0
0
0
0
0
0
0
0
0
0.9937501207
0.9893114529
0
0
0
0
0
0
0
0
0
0
0
0
0
0
0
0
0
0
0
0
0.9920238823
0.9870231756
0
0
0
0
0
0
0
0
0
0
0
0
0
0
0
0
0
0
0
0
0.9897555657
0.9843145726
0
0
0
0
0
0
0
0
0
0
0
0
0
0
0
0
0
0
0
0
0.9880540948
0.9825237495
0
0
0
0
0
0
0
0
0
0
0
0
0
0
0
0
0
0
0
0
0.9876962484
0.9768862389
0
0
0
0
0
0
0
0
0
0
0
0
0
0
0
0
0
0
0
0
0.9824123576
0.9711350851
0
0
0
0
0
0
0
0
0
0
0
0
0
0
0
0
0
0
0
0
0.9785320708
0.964645573
0
0
0
0
0
0
0
0
0
0
0
0
0
0
0
0
0
0
0
0
0.9719382275
0.9564835381
0
0
0
0
0
0
0
0
0
0
0
0
0
0
0
0
0
0
0
0
0.9641009915
0.9480100209
0
0
0
0
0
0
0
0
0
0
0
0
0
0
0
0
0
0
0
0
0.9550491241
0.9401704172
0
0
0
0
0
0
0
0
0
0
0
0
0
0
0
0
0
0
0
0
0.943579562
0.9304694281
0
0
0
0
0
0
0
0
0
0
0
0
0
0
0
0
0
0
0
0
0.9360103217
0.9235209833
0
0
0
0
0
0
0
0
0
0
0
0
0
0
0
0
0
0
0
0
0.9349282344
0.9173716405
0
0
0
0
0
0
0
0
0
0
0
0
0
0
0
0
0
0
0
0
0.9375208078
0.9051691794
0
0
0
0
0
0
0
0
0
0
0
0
0
0
0
0
0
0
0
0
0.9127258056
0.8951316324
0
0
0
0
0
0
0
0
0
0
0
0
0
0
0
0
0
0
0
0
0.9021705278
0.8735637829
0
0
0
0
0
0
0
0
0
0
0
0
0
0
0
0
0
0
0
0
0.9000324231
0.8692236302
0
0
0
0
0
0
0
0
0
0
0
0
0
0
0
0
0
0
0
0
0.8595670575
0.8404283016
0
0
0
0
0
0
0
0
0
0
0
0
0
0
0
0
0
0
0
0
0.8448993005
0.8403292047
0
0
0
0
0
0
0
0
0
0
0
0
0
0
0
0
0
0
0
0
0.8245033252
0.830699202
0
0
0
0
0
0
0
0
0
0
0
0
0
0
0
0
0
0
0
0
0.8265946704
0.8334600432
0
0
0
0
0
0
0
0
0
0
0
0
0
0
0
0
0
0
0
0
0.8205259218
0.8304988034
0
0
0
0
0
0
0
0
0
0
0
0
0
0
0
0
0
0
0
0
0.8278153693
0.8294506783
0
0
0
0
0
0
0
0
0
0
0
0
0
0
0
0
0
0
0
0
0
0
0
0
0
0
0
0
0
0
0
0
0
0
0
0
0
0
0
0
0
0
0
0
0
0
0
0
0
0
0
0
0
0
0
0
0
0
0
0
0
0
0
0
0
0
0
0
0
0
0
0
0
0
0
0
0
0
0
0
0
0
0
0
0
0
0
0
0
0
0
0
0
0
0
0
0
0
0
0
0
0
0
0
0
0
0
0
0
0
0.7778308555
0.803679458
0.8022093509
0.7878485087
0
0
0
0
0
0
0
0
0
)
;

boundaryField
{
    inlet
    {
        type            calculated;
        value           uniform 0;
    }
    frontandback
    {
        type            empty;
    }
    walls
    {
        type            calculated;
        value           uniform 0;
    }
    outlet
    {
        type            calculated;
        value           uniform 0;
    }
}


// ************************************************************************* //
