/*--------------------------------*- C++ -*----------------------------------*\
  =========                 |
  \\      /  F ield         | OpenFOAM: The Open Source CFD Toolbox
   \\    /   O peration     | Website:  https://openfoam.org
    \\  /    A nd           | Version:  9
     \\/     M anipulation  |
\*---------------------------------------------------------------------------*/
FoamFile
{
    format      ascii;
    class       volScalarField;
    location    "10";
    object      Xi_gas_gas1;
}
// * * * * * * * * * * * * * * * * * * * * * * * * * * * * * * * * * * * * * //

dimensions      [0 0 0 0 0 0 0];

internalField   nonuniform List<scalar> 
2215
(
0
0
0
0
0
0
0
0
0
0
0
0
0
0
0
0
0
0
0
0
0
0
0
0
0
0
0
0
0
0
0
0
0
0
0
0
0
0
0
0
0
0
0
0
0
0
0
0
0
0
0
0
0
0
0
0
0
0
0
0
0
0
0
0
0
0
0
0
0
0
0
0
0
0
0
0
0
0
0
0
0
0
0
0
0
0
0
0
0
0
0
0
0
0
0
0
0
0
0
0
0
0
0
0
0
0
0
0
0
0
0
0
0
0
0
0
0
0
0
0
0
0
0
0
0
0
0
0
0
0
0
0
0
0
0
0
0
0
0
0
0
0
0
0
0
0
0
0
0
0
0
0
0
0
0
0
0
0
0
0
0
0
0
0
0
0
0
0
0
0
0
0
0
0
0
0
0
0
0
0
0
0
0
0
0
0
0
0
0
0
0
0
0
0
0
0
0
0
0
0
0
0
0
0
0
0
0
0
0
0
0
0
0
0
0
0
0
0
0
0
0
0
0
0
0
0
0
0
0
0
0
0
0
0
0
0
0
0
0
0
0
0
0
0
0
0
0
0
0
0
0
0
0
0
0
0
0
0
0
0
0
0
0
0
0
0
0
0
0
0
0
0
0
0
0
0
0
0
0
0
0
0
0
0
0
0
0
0
0
0
0
0
0
0
0
0
0
0
0
0
0
0
0
0
0
0
0
0
0
0
0
0
0
0
0
0
0
0
0
0
0
0
0
0
0
0
0
0
0
0
0
0
0
0
0
0
0
0
0
0
0
0
0
0
0
0
0
0
0
0
0
0
0
0
0
0
0
0
0
0
0
0
0
0
0
0
0
0
0
0
0
0
0
0
0
0
0
0
0
0
0
0
0
0
0
0
0
0
0
0
0
0
0
0
0
0
0
0
0
0
0
0
0
0
0
0
0
0
0
0
0
0
0
0
0
0
0
0
0
0
0
0
0
0
0
0
0
0
0
0
0
0
0
0
0
0
0
0
0
0
0
0
0
0
0
0
0
0
0
0
0
0
0
0
0
0
0
0
0
0
0
0
0
0
0
0
0
0
0
0
0
0
0
0
0
0
0
0
0
0
0
0
0
0
0
0
0
0
0
0
0
0
0
0
0
0
0
0
0
0
0
0
0
0
0
0
0
0
0
0
0
0
0
0
0
0
0
0
0
0
0
0
0
0
0
0
0
0
0
0
0
0
0
0
0
0
0
0
0
0
0
0
0
0
0
0
0
0
0
0
0
0
0
0
0
0
0
0
0
0
0
0
0
0
0
0
0
0
0
0
0
0
0
0
0
0
0
0
0
0
0
0
0
0
0
0
0
0
0
0
0
0
0
0
0
0
0
0
0
0
0
0
0
0
0
0
0
0
0
0
0
0
0
0
0
0
0
0
0
0
0
0
0
0
0
0
0
0
0
0
0
0
0
0
0
0
0
0
0
0
0
0
0
0
0
0
0
0
0
0
0
0
0
0
0
0
0
0
0
0
0
0
0
0
0
0
0
0
0
0
0
0
0
0
0
0
0
0
0
0
0
0
0
0
0
0
0
0
0
0
0
0
0
0
0
0
0
0
0
0
0
0
0
0
0
0
0
0
0
0
0
0
0
0
0
0
0
0
0
0
0
0
0
0
0
0
0
0
0
0
0
0
0
0
0
0
0
0
0
0
0
0
0
0
0
0
0
0
0
0
0
0
0
0
0
0
0
0
0
0
0
0
0
0
0
0
0
0
0
0
0
0
0
0
0
0
0
0
0
0
0
0
0
0
0
0
0
0
0
0
0
0
0
0
0
0
0
0
0
0
0
0
0
0
0
0
0
0
0
0
0
0
0
0
0
0
0
0
0
0
0
0
0
0
0
0
0
0
0
0
0
0
0
0
0
0
0
0
0
0
0
0
0
0
0
0
0
0
0
0
0
0
0
0
0
0
0
0
0
0
0
0
0
0
0
0
0
0
0
0
0
0
0
0
0
0
0
0
0
0
0
0
0
0
0
0
0
0
0
0
0
0
0
0
0
0
0
0
0
0
0
0
0
0
0
0
0
0
0
0
0
0
0
0
0
0
0
0
0
0
0
0
0
0
0
2.844913521e-17
2.91253395e-17
2.932640782e-17
2.885484606e-17
2.856738595e-17
2.862420882e-17
0
0
0
0
0
0
0
0
0
0
0
0
0
0
0
2.961201737e-17
2.857089748e-17
2.857114671e-17
2.964603917e-17
2.914565896e-17
2.848121841e-17
2.88229839e-17
2.848032849e-17
2.8590503e-17
0
0
0
0
0
0
0
0
0
0
0
0
0
4.320811838e-17
3.90592293e-17
3.832661901e-17
3.877244672e-17
4.075866154e-17
2.869071521e-17
2.899374717e-17
2.897290342e-17
2.830850938e-17
2.858465113e-17
0
0
0
0
0
0
0
0
0
0
0
0
3.618016787e-17
3.47708208e-17
3.505558631e-17
3.572287412e-17
3.725459596e-17
3.978575295e-17
4.37212695e-17
2.896483138e-17
2.887343597e-17
2.858213815e-17
2.838863868e-17
0
0
0
0
0
0
0
0
0
0
0
3.29192054e-17
3.225040988e-17
3.228542151e-17
3.312492231e-17
3.455716477e-17
3.79838555e-17
4.126191856e-17
2.864132267e-17
2.90614344e-17
2.864288178e-17
2.835193634e-17
2.854562528e-17
0
0
0
0
0
0
0
0
0
0
3.090359529e-17
3.022784598e-17
3.037254783e-17
3.110713089e-17
3.322207898e-17
3.69727427e-17
4.204717639e-17
4.544657934e-17
2.885438052e-17
2.872295041e-17
2.864896757e-17
2.838394442e-17
2.843323071e-17
0
0
0
0
0
0
0
0
0
2.936970878e-17
2.932241757e-17
2.973089916e-17
3.014096734e-17
0
0
0
4.783563347e-17
2.961705558e-17
2.887576283e-17
2.82190061e-17
2.861268172e-17
2.869702027e-17
2.88308885e-17
2.85784616e-17
2.868093201e-17
2.863996113e-17
2.873596232e-17
2.96999187e-17
2.851741633e-17
2.84814284e-17
2.865400671e-17
2.864560013e-17
2.844629029e-17
2.887661034e-17
2.949049183e-17
0
0
0
0
2.848848527e-17
2.888911812e-17
2.88455308e-17
2.823831353e-17
2.829850014e-17
2.877141837e-17
2.872585044e-17
2.843377883e-17
2.865988981e-17
2.878822469e-17
2.88150188e-17
2.902816015e-17
2.874252699e-17
2.824587716e-17
2.848051679e-17
0
2.847895699e-17
0
0
0
0
0
2.820852761e-17
2.920262845e-17
2.8243693e-17
2.877741326e-17
2.865996068e-17
2.847066965e-17
2.887842311e-17
3.096284067e-17
0
0
0
0
0
0
0
0
0
0
0
0
0
0
0
2.837504721e-17
2.887596695e-17
2.818066551e-17
2.869112162e-17
2.918380165e-17
2.913386072e-17
0
0
0
0
0
0
0
2.875377073e-17
0
2.966505979e-17
0
0
0
0
0
0
0
2.809928152e-17
2.90401346e-17
2.829058967e-17
2.965379671e-17
0
0
0
0
0
0
0
0
3.119585092e-17
2.964357921e-17
3.156673967e-17
0
0
0
0
0
0
0
0
2.811947579e-17
6.120458937e-17
6.119920632e-17
0
0
0
0
0
0
0
0
3.420519805e-17
3.208102694e-17
3.545740061e-17
0
0
0
0
0
0
0
0
0
6.057468749e-17
0
0
0
0
0
0
0
0
0
3.267904064e-17
3.853119073e-17
0
0
0
0
0
0
0
0
0
0
0
0
0
0
0
0
0
0
0
0
4.328625701e-17
4.917506491e-17
0
0
0
0
0
0
0
0
0
0
0
0
0
0
0
0
0
0
0
0
5.035037914e-17
6.011984609e-17
0
0
0
0
0
0
0
0
0
0
0
0
0
0
0
0
0
0
0
0
4.715687498e-17
7.458920917e-17
0
0
0
0
0
0
0
0
0
0
0
0
0
0
0
0
0
0
0
0
6.610827962e-17
1.003459253e-16
0
0
0
0
0
0
0
0
0
0
0
0
0
0
0
0
0
0
0
0
2.959835643e-17
2.955709382e-17
0
0
0
0
0
0
0
0
0
0
0
0
0
0
0
0
0
0
0
0
2.921552765e-17
2.727409832e-17
0
0
0
0
0
0
0
0
0
0
0
0
0
0
0
0
0
0
0
0
2.767421379e-17
2.926672148e-17
0
0
0
0
0
0
0
0
0
0
0
0
0
0
0
0
0
0
0
0
2.769618427e-17
3.002655644e-17
0
0
0
0
0
0
0
0
0
0
0
0
0
0
0
0
0
0
0
0
3.064965339e-17
3.148569309e-17
0
0
0
0
0
0
0
0
0
0
0
0
0
0
0
0
0
0
0
0
2.845296307e-17
3.518282702e-17
0
0
0
0
0
0
0
0
0
0
0
0
0
0
0
0
0
0
0
0
3.204570447e-17
4.024872569e-17
0
0
0
0
0
0
0
0
0
0
0
0
0
0
0
0
0
0
0
0
3.025170951e-17
4.594802609e-17
0
0
0
0
0
0
0
0
0
0
0
0
0
0
0
0
0
0
0
0
3.471064759e-17
5.178757783e-17
0
0
0
0
0
0
0
0
0
0
0
0
0
0
0
0
0
0
0
0
3.455196739e-17
5.860988282e-17
0
0
0
0
0
0
0
0
0
0
0
0
0
0
0
0
0
0
0
0
3.263874078e-17
6.928017881e-17
0
0
0
0
0
0
0
0
0
0
0
0
0
0
0
0
0
0
0
0
4.639395907e-17
8.599019371e-17
0
0
0
0
0
0
0
0
0
0
0
0
0
0
0
0
0
0
0
0
5.78150614e-17
1.045327532e-16
0
0
0
0
0
0
0
0
0
0
0
0
0
0
0
0
0
0
0
0
7.44090877e-17
1.287349716e-16
0
0
0
0
0
0
0
0
0
0
0
0
0
0
0
0
0
0
0
0
9.570465829e-17
1.568659586e-16
0
0
0
0
0
0
0
0
0
0
0
0
0
0
0
0
0
0
0
0
1.23694673e-16
1.901639104e-16
0
0
0
0
0
0
0
0
0
0
0
0
0
0
0
0
0
0
0
0
1.446954876e-16
2.121813734e-16
0
0
0
0
0
0
0
0
0
0
0
0
0
0
0
0
0
0
0
0
1.491140015e-16
2.814931698e-16
0
0
0
0
0
0
0
0
0
0
0
0
0
0
0
0
0
0
0
0
2.143591672e-16
3.52205828e-16
0
0
0
0
0
0
0
0
0
0
0
0
0
0
0
0
0
0
0
0
2.623056948e-16
4.320038773e-16
0
0
0
0
0
0
0
0
0
0
0
0
0
0
0
0
0
0
0
0
3.43830768e-16
5.323738528e-16
0
0
0
0
0
0
0
0
0
0
0
0
0
0
0
0
0
0
0
0
4.408284133e-16
6.365858376e-16
0
0
0
0
0
0
0
0
0
0
0
0
0
0
0
0
0
0
0
0
5.529967222e-16
7.330111248e-16
0
0
0
0
0
0
0
0
0
0
0
0
0
0
0
0
0
0
0
0
6.953713476e-16
8.523440546e-16
0
0
0
0
0
0
0
0
0
0
0
0
0
0
0
0
0
0
0
0
7.894401238e-16
9.378300037e-16
0
0
0
0
0
0
0
0
0
0
0
0
0
0
0
0
0
0
0
0
8.028876588e-16
1.013493818e-15
0
0
0
0
0
0
0
0
0
0
0
0
0
0
0
0
0
0
0
0
7.70681255e-16
1.163631959e-15
0
0
0
0
0
0
0
0
0
0
0
0
0
0
0
0
0
0
0
0
1.07953083e-15
1.287161474e-15
0
0
0
0
0
0
0
0
0
0
0
0
0
0
0
0
0
0
0
0
1.211491913e-15
1.552596147e-15
0
0
0
0
0
0
0
0
0
0
0
0
0
0
0
0
0
0
0
0
1.238225112e-15
1.606069049e-15
0
0
0
0
0
0
0
0
0
0
0
0
0
0
0
0
0
0
0
0
1.746525199e-15
1.960638477e-15
0
0
0
0
0
0
0
0
0
0
0
0
0
0
0
0
0
0
0
0
1.932858364e-15
1.961963594e-15
0
0
0
0
0
0
0
0
0
0
0
0
0
0
0
0
0
0
0
0
2.194166214e-15
2.080927234e-15
0
0
0
0
0
0
0
0
0
0
0
0
0
0
0
0
0
0
0
0
2.170173423e-15
2.047335834e-15
0
0
0
0
0
0
0
0
0
0
0
0
0
0
0
0
0
0
0
0
2.244758249e-15
2.084135996e-15
0
0
0
0
0
0
0
0
0
0
0
0
0
0
0
0
0
0
0
0
2.14176235e-15
2.093863032e-15
0
0
0
0
0
0
0
0
0
0
0
0
0
0
0
0
0
0
0
0
0
0
0
0
0
0
0
0
0
0
0
0
0
0
0
0
0
0
0
0
0
0
0
0
0
0
0
0
0
0
0
0
0
0
0
0
0
0
0
0
0
0
0
0
0
0
0
0
0
0
0
0
0
0
0
0
0
0
0
0
0
0
0
0
0
0
0
0
0
0
0
0
0
0
0
0
0
0
0
0
0
0
0
0
0
0
0
0
0
0
3.236228156e-15
2.407784933e-15
2.425404845e-15
2.601685015e-15
0
0
0
0
0
0
0
0
0
)
;

boundaryField
{
    inlet
    {
        type            calculated;
        value           uniform 0;
    }
    frontandback
    {
        type            empty;
    }
    walls
    {
        type            calculated;
        value           uniform 0;
    }
    outlet
    {
        type            calculated;
        value           uniform 0;
    }
}


// ************************************************************************* //
