/*--------------------------------*- C++ -*----------------------------------*\
  =========                 |
  \\      /  F ield         | OpenFOAM: The Open Source CFD Toolbox
   \\    /   O peration     | Website:  https://openfoam.org
    \\  /    A nd           | Version:  9
     \\/     M anipulation  |
\*---------------------------------------------------------------------------*/
FoamFile
{
    format      ascii;
    class       volScalarField;
    location    "10";
    object      Xi_gas_gas9;
}
// * * * * * * * * * * * * * * * * * * * * * * * * * * * * * * * * * * * * * //

dimensions      [0 0 0 0 0 0 0];

internalField   nonuniform List<scalar> 
2215
(
0
0
0
0
0
0
0
0
0
0
0
0
0
0
0
0
0
0
0
0
0
0
0
0
0
0
0
0
0
0
0
0
0
0
0
0
0
0
0
0
0
0
0
0
0
0
0
0
0
0
0
0
0
0
0
0
0
0
0
0
0
0
0
0
0
0
0
0
0
0
0
0
0
0
0
0
0
0
0
0
0
0
0
0
0
0
0
0
0
0
0
0
0
0
0
0
0
0
0
0
0
0
0
0
0
0
0
0
0
0
0
0
0
0
0
0
0
0
0
0
0
0
0
0
0
0
0
0
0
0
0
0
0
0
0
0
0
0
0
0
0
0
0
0
0
0
0
0
0
0
0
0
0
0
0
0
0
0
0
0
0
0
0
0
0
0
0
0
0
0
0
0
0
0
0
0
0
0
0
0
0
0
0
0
0
0
0
0
0
0
0
0
0
0
0
0
0
0
0
0
0
0
0
0
0
0
0
0
0
0
0
0
0
0
0
0
0
0
0
0
0
0
0
0
0
0
0
0
0
0
0
0
0
0
0
0
0
0
0
0
0
0
0
0
0
0
0
0
0
0
0
0
0
0
0
0
0
0
0
0
0
0
0
0
0
0
0
0
0
0
0
0
0
0
0
0
0
0
0
0
0
0
0
0
0
0
0
0
0
0
0
0
0
0
0
0
0
0
0
0
0
0
0
0
0
0
0
0
0
0
0
0
0
0
0
0
0
0
0
0
0
0
0
0
0
0
0
0
0
0
0
0
0
0
0
0
0
0
0
0
0
0
0
0
0
0
0
0
0
0
0
0
0
0
0
0
0
0
0
0
0
0
0
0
0
0
0
0
0
0
0
0
0
0
0
0
0
0
0
0
0
0
0
0
0
0
0
0
0
0
0
0
0
0
0
0
0
0
0
0
0
0
0
0
0
0
0
0
0
0
0
0
0
0
0
0
0
0
0
0
0
0
0
0
0
0
0
0
0
0
0
0
0
0
0
0
0
0
0
0
0
0
0
0
0
0
0
0
0
0
0
0
0
0
0
0
0
0
0
0
0
0
0
0
0
0
0
0
0
0
0
0
0
0
0
0
0
0
0
0
0
0
0
0
0
0
0
0
0
0
0
0
0
0
0
0
0
0
0
0
0
0
0
0
0
0
0
0
0
0
0
0
0
0
0
0
0
0
0
0
0
0
0
0
0
0
0
0
0
0
0
0
0
0
0
0
0
0
0
0
0
0
0
0
0
0
0
0
0
0
0
0
0
0
0
0
0
0
0
0
0
0
0
0
0
0
0
0
0
0
0
0
0
0
0
0
0
0
0
0
0
0
0
0
0
0
0
0
0
0
0
0
0
0
0
0
0
0
0
0
0
0
0
0
0
0
0
0
0
0
0
0
0
0
0
0
0
0
0
0
0
0
0
0
0
0
0
0
0
0
0
0
0
0
0
0
0
0
0
0
0
0
0
0
0
0
0
0
0
0
0
0
0
0
0
0
0
0
0
0
0
0
0
0
0
0
0
0
0
0
0
0
0
0
0
0
0
0
0
0
0
0
0
0
0
0
0
0
0
0
0
0
0
0
0
0
0
0
0
0
0
0
0
0
0
0
0
0
0
0
0
0
0
0
0
0
0
0
0
0
0
0
0
0
0
0
0
0
0
0
0
0
0
0
0
0
0
0
0
0
0
0
0
0
0
0
0
0
0
0
0
0
0
0
0
0
0
0
0
0
0
0
0
0
0
0
0
0
0
0
0
0
0
0
0
0
0
0
0
0
0
0
0
0
0
0
0
0
0
0
0
0
0
0
0
0
0
0
0
0
0
0
0
0
0
0
0
0
0
0
0
0
0
0
0
0
0
0
0
0
0
0
0
0
0
0
0
0
0
0
0
0
0
0
0
0
0
0
0
0
0
0
0
0
0
0
0
0
0
0
0
0
0
0
0
0
0
0
0
0
0
0
0
0
0
0
0
0
0
0
0
0
0
0
0
0
0
0
0
0
0
0
0
0
0
0
0
0
0
0
0
0
0
0
0
0
0
0
0
0
0
0
0
0
0
0
0
0
0
0
0
0
0
0
0
0
0
0
0
0
0
0
0
0
0
1.337795922e-11
1.337414865e-11
1.337425549e-11
1.337578535e-11
1.338140786e-11
1.3384242e-11
0
0
0
0
0
0
0
0
0
0
0
0
0
0
0
1.337031416e-11
1.337210953e-11
1.337255491e-11
1.337192217e-11
1.337086471e-11
1.337238933e-11
1.337503546e-11
1.33787203e-11
1.339107916e-11
0
0
0
0
0
0
0
0
0
0
0
0
0
1.336582511e-11
1.33669169e-11
1.336656536e-11
1.336630296e-11
1.336611401e-11
1.336984485e-11
1.337024649e-11
1.33740399e-11
1.33766166e-11
1.338150267e-11
0
0
0
0
0
0
0
0
0
0
0
0
1.336712403e-11
1.336686773e-11
1.336576187e-11
1.336479006e-11
1.336400519e-11
1.336407659e-11
1.336459658e-11
1.336899275e-11
1.337379096e-11
1.337587311e-11
1.338185077e-11
0
0
0
0
0
0
0
0
0
0
0
1.336660902e-11
1.336597837e-11
1.336432594e-11
1.336317572e-11
1.336267531e-11
1.33627482e-11
1.336289054e-11
1.336509546e-11
1.336830715e-11
1.337274583e-11
1.337699398e-11
1.338538493e-11
0
0
0
0
0
0
0
0
0
0
1.336624798e-11
1.336531654e-11
1.336335897e-11
1.336262971e-11
1.336214168e-11
1.336214015e-11
1.336223054e-11
1.336275515e-11
1.336549077e-11
1.337059467e-11
1.33741184e-11
1.337782433e-11
1.338813383e-11
0
0
0
0
0
0
0
0
0
1.336620944e-11
1.336495224e-11
1.33629556e-11
1.336199441e-11
0
0
0
1.336202986e-11
1.336367892e-11
1.336662105e-11
1.337145685e-11
1.337522119e-11
1.337859634e-11
1.339574674e-11
1.338946472e-11
1.337584172e-11
1.337859932e-11
1.338441596e-11
1.339549756e-11
1.338740949e-11
1.337873019e-11
1.33902542e-11
1.336619011e-11
1.33642179e-11
1.336236642e-11
1.336174277e-11
0
0
0
0
1.336235904e-11
1.336470201e-11
1.336843587e-11
1.337250324e-11
1.337529528e-11
1.337862884e-11
1.337374803e-11
1.337141824e-11
1.337123704e-11
1.337256441e-11
1.337198379e-11
1.337206826e-11
1.337196558e-11
1.337211792e-11
1.336616468e-11
0
1.336218869e-11
0
0
0
0
0
1.336176773e-11
1.336314103e-11
1.336544456e-11
1.336951355e-11
1.337272347e-11
1.337288161e-11
1.337092805e-11
1.337082143e-11
0
0
0
0
0
0
0
0
0
0
0
0
0
0
0
1.336187891e-11
1.336432807e-11
1.336648229e-11
1.336853751e-11
1.337098609e-11
1.337083219e-11
0
0
0
0
0
0
0
1.336614383e-11
0
1.336190414e-11
0
0
0
0
0
0
0
1.336216319e-11
1.336473621e-11
1.33661929e-11
1.336876759e-11
0
0
0
0
0
0
0
0
1.336613358e-11
1.336296086e-11
1.336182333e-11
0
0
0
0
0
0
0
0
1.336383913e-11
1.336378828e-11
1.336488116e-11
0
0
0
0
0
0
0
0
1.336615226e-11
1.336281942e-11
1.33617883e-11
0
0
0
0
0
0
0
0
0
1.336233256e-11
0
0
0
0
0
0
0
0
0
1.336610061e-11
1.336272839e-11
0
0
0
0
0
0
0
0
0
0
0
0
0
0
0
0
0
0
0
0
1.336620596e-11
1.33627763e-11
0
0
0
0
0
0
0
0
0
0
0
0
0
0
0
0
0
0
0
0
1.336620889e-11
1.336272531e-11
0
0
0
0
0
0
0
0
0
0
0
0
0
0
0
0
0
0
0
0
1.336624533e-11
1.33627224e-11
0
0
0
0
0
0
0
0
0
0
0
0
0
0
0
0
0
0
0
0
1.336641228e-11
1.336271847e-11
0
0
0
0
0
0
0
0
0
0
0
0
0
0
0
0
0
0
0
0
1.337183703e-11
1.337817291e-11
0
0
0
0
0
0
0
0
0
0
0
0
0
0
0
0
0
0
0
0
1.338566439e-11
1.337876637e-11
0
0
0
0
0
0
0
0
0
0
0
0
0
0
0
0
0
0
0
0
1.338766328e-11
1.337907407e-11
0
0
0
0
0
0
0
0
0
0
0
0
0
0
0
0
0
0
0
0
1.338764175e-11
1.337930673e-11
0
0
0
0
0
0
0
0
0
0
0
0
0
0
0
0
0
0
0
0
1.33879553e-11
1.337946723e-11
0
0
0
0
0
0
0
0
0
0
0
0
0
0
0
0
0
0
0
0
1.338822314e-11
1.337966032e-11
0
0
0
0
0
0
0
0
0
0
0
0
0
0
0
0
0
0
0
0
1.338846198e-11
1.337978823e-11
0
0
0
0
0
0
0
0
0
0
0
0
0
0
0
0
0
0
0
0
1.338860983e-11
1.337993735e-11
0
0
0
0
0
0
0
0
0
0
0
0
0
0
0
0
0
0
0
0
1.338875754e-11
1.338004966e-11
0
0
0
0
0
0
0
0
0
0
0
0
0
0
0
0
0
0
0
0
1.338890642e-11
1.338009832e-11
0
0
0
0
0
0
0
0
0
0
0
0
0
0
0
0
0
0
0
0
1.338885883e-11
1.338014769e-11
0
0
0
0
0
0
0
0
0
0
0
0
0
0
0
0
0
0
0
0
1.338908393e-11
1.338016851e-11
0
0
0
0
0
0
0
0
0
0
0
0
0
0
0
0
0
0
0
0
1.338921125e-11
1.338019839e-11
0
0
0
0
0
0
0
0
0
0
0
0
0
0
0
0
0
0
0
0
1.338943936e-11
1.338022716e-11
0
0
0
0
0
0
0
0
0
0
0
0
0
0
0
0
0
0
0
0
1.338975452e-11
1.338028853e-11
0
0
0
0
0
0
0
0
0
0
0
0
0
0
0
0
0
0
0
0
1.339019096e-11
1.338033008e-11
0
0
0
0
0
0
0
0
0
0
0
0
0
0
0
0
0
0
0
0
1.33905251e-11
1.338038164e-11
0
0
0
0
0
0
0
0
0
0
0
0
0
0
0
0
0
0
0
0
1.339060394e-11
1.338050571e-11
0
0
0
0
0
0
0
0
0
0
0
0
0
0
0
0
0
0
0
0
1.339159907e-11
1.338061361e-11
0
0
0
0
0
0
0
0
0
0
0
0
0
0
0
0
0
0
0
0
1.339243042e-11
1.33807461e-11
0
0
0
0
0
0
0
0
0
0
0
0
0
0
0
0
0
0
0
0
1.339377685e-11
1.338089102e-11
0
0
0
0
0
0
0
0
0
0
0
0
0
0
0
0
0
0
0
0
1.339549992e-11
1.338105442e-11
0
0
0
0
0
0
0
0
0
0
0
0
0
0
0
0
0
0
0
0
1.339758219e-11
1.338120793e-11
0
0
0
0
0
0
0
0
0
0
0
0
0
0
0
0
0
0
0
0
1.340052053e-11
1.33814008e-11
0
0
0
0
0
0
0
0
0
0
0
0
0
0
0
0
0
0
0
0
1.340230578e-11
1.33815554e-11
0
0
0
0
0
0
0
0
0
0
0
0
0
0
0
0
0
0
0
0
1.340251852e-11
1.338170218e-11
0
0
0
0
0
0
0
0
0
0
0
0
0
0
0
0
0
0
0
0
1.340221287e-11
1.338191848e-11
0
0
0
0
0
0
0
0
0
0
0
0
0
0
0
0
0
0
0
0
1.340813261e-11
1.338214056e-11
0
0
0
0
0
0
0
0
0
0
0
0
0
0
0
0
0
0
0
0
1.34110335e-11
1.338249004e-11
0
0
0
0
0
0
0
0
0
0
0
0
0
0
0
0
0
0
0
0
1.341159075e-11
1.338269168e-11
0
0
0
0
0
0
0
0
0
0
0
0
0
0
0
0
0
0
0
0
1.342269663e-11
1.338328672e-11
0
0
0
0
0
0
0
0
0
0
0
0
0
0
0
0
0
0
0
0
1.342904813e-11
1.338350366e-11
0
0
0
0
0
0
0
0
0
0
0
0
0
0
0
0
0
0
0
0
1.343931819e-11
1.338429317e-11
0
0
0
0
0
0
0
0
0
0
0
0
0
0
0
0
0
0
0
0
1.344292418e-11
1.33849874e-11
0
0
0
0
0
0
0
0
0
0
0
0
0
0
0
0
0
0
0
0
1.344095823e-11
1.33855794e-11
0
0
0
0
0
0
0
0
0
0
0
0
0
0
0
0
0
0
0
0
1.342358007e-11
1.338066156e-11
0
0
0
0
0
0
0
0
0
0
0
0
0
0
0
0
0
0
0
0
0
0
0
0
0
0
0
0
0
0
0
0
0
0
0
0
0
0
0
0
0
0
0
0
0
0
0
0
0
0
0
0
0
0
0
0
0
0
0
0
0
0
0
0
0
0
0
0
0
0
0
0
0
0
0
0
0
0
0
0
0
0
0
0
0
0
0
0
0
0
0
0
0
0
0
0
0
0
0
0
0
0
0
0
0
0
0
0
0
0
1.39172223e-11
1.33776279e-11
1.337667296e-11
1.337661291e-11
0
0
0
0
0
0
0
0
0
)
;

boundaryField
{
    inlet
    {
        type            calculated;
        value           uniform 0;
    }
    frontandback
    {
        type            empty;
    }
    walls
    {
        type            calculated;
        value           uniform 0;
    }
    outlet
    {
        type            calculated;
        value           uniform 0;
    }
}


// ************************************************************************* //
