/*--------------------------------*- C++ -*----------------------------------*\
  =========                 |
  \\      /  F ield         | OpenFOAM: The Open Source CFD Toolbox
   \\    /   O peration     | Website:  https://openfoam.org
    \\  /    A nd           | Version:  9
     \\/     M anipulation  |
\*---------------------------------------------------------------------------*/
FoamFile
{
    format      ascii;
    class       volScalarField;
    location    "10";
    object      Xi_gas_gas10;
}
// * * * * * * * * * * * * * * * * * * * * * * * * * * * * * * * * * * * * * //

dimensions      [0 0 0 0 0 0 0];

internalField   nonuniform List<scalar> 
2215
(
0
0
0
0
0
0
0
0
0
0
0
0
0
0
0
0
0
0
0
0
0
0
0
0
0
0
0
0
0
0
0
0
0
0
0
0
0
0
0
0
0
0
0
0
0
0
0
0
0
0
0
0
0
0
0
0
0
0
0
0
0
0
0
0
0
0
0
0
0
0
0
0
0
0
0
0
0
0
0
0
0
0
0
0
0
0
0
0
0
0
0
0
0
0
0
0
0
0
0
0
0
0
0
0
0
0
0
0
0
0
0
0
0
0
0
0
0
0
0
0
0
0
0
0
0
0
0
0
0
0
0
0
0
0
0
0
0
0
0
0
0
0
0
0
0
0
0
0
0
0
0
0
0
0
0
0
0
0
0
0
0
0
0
0
0
0
0
0
0
0
0
0
0
0
0
0
0
0
0
0
0
0
0
0
0
0
0
0
0
0
0
0
0
0
0
0
0
0
0
0
0
0
0
0
0
0
0
0
0
0
0
0
0
0
0
0
0
0
0
0
0
0
0
0
0
0
0
0
0
0
0
0
0
0
0
0
0
0
0
0
0
0
0
0
0
0
0
0
0
0
0
0
0
0
0
0
0
0
0
0
0
0
0
0
0
0
0
0
0
0
0
0
0
0
0
0
0
0
0
0
0
0
0
0
0
0
0
0
0
0
0
0
0
0
0
0
0
0
0
0
0
0
0
0
0
0
0
0
0
0
0
0
0
0
0
0
0
0
0
0
0
0
0
0
0
0
0
0
0
0
0
0
0
0
0
0
0
0
0
0
0
0
0
0
0
0
0
0
0
0
0
0
0
0
0
0
0
0
0
0
0
0
0
0
0
0
0
0
0
0
0
0
0
0
0
0
0
0
0
0
0
0
0
0
0
0
0
0
0
0
0
0
0
0
0
0
0
0
0
0
0
0
0
0
0
0
0
0
0
0
0
0
0
0
0
0
0
0
0
0
0
0
0
0
0
0
0
0
0
0
0
0
0
0
0
0
0
0
0
0
0
0
0
0
0
0
0
0
0
0
0
0
0
0
0
0
0
0
0
0
0
0
0
0
0
0
0
0
0
0
0
0
0
0
0
0
0
0
0
0
0
0
0
0
0
0
0
0
0
0
0
0
0
0
0
0
0
0
0
0
0
0
0
0
0
0
0
0
0
0
0
0
0
0
0
0
0
0
0
0
0
0
0
0
0
0
0
0
0
0
0
0
0
0
0
0
0
0
0
0
0
0
0
0
0
0
0
0
0
0
0
0
0
0
0
0
0
0
0
0
0
0
0
0
0
0
0
0
0
0
0
0
0
0
0
0
0
0
0
0
0
0
0
0
0
0
0
0
0
0
0
0
0
0
0
0
0
0
0
0
0
0
0
0
0
0
0
0
0
0
0
0
0
0
0
0
0
0
0
0
0
0
0
0
0
0
0
0
0
0
0
0
0
0
0
0
0
0
0
0
0
0
0
0
0
0
0
0
0
0
0
0
0
0
0
0
0
0
0
0
0
0
0
0
0
0
0
0
0
0
0
0
0
0
0
0
0
0
0
0
0
0
0
0
0
0
0
0
0
0
0
0
0
0
0
0
0
0
0
0
0
0
0
0
0
0
0
0
0
0
0
0
0
0
0
0
0
0
0
0
0
0
0
0
0
0
0
0
0
0
0
0
0
0
0
0
0
0
0
0
0
0
0
0
0
0
0
0
0
0
0
0
0
0
0
0
0
0
0
0
0
0
0
0
0
0
0
0
0
0
0
0
0
0
0
0
0
0
0
0
0
0
0
0
0
0
0
0
0
0
0
0
0
0
0
0
0
0
0
0
0
0
0
0
0
0
0
0
0
0
0
0
0
0
0
0
0
0
0
0
0
0
0
0
0
0
0
0
0
0
0
0
0
0
0
0
0
0
0
0
0
0
0
0
0
0
0
0
0
0
0
0
0
0
0
0
0
0
0
0
0
0
0
0
0
0
0
0
0
0
0
0
0
0
0
0
0
0
0
0
0
0
0
0
0
0
0
0
0
0
0
0
0
0
0
0
0
0
0
0
0
0
0
0
0
0
0
0
0
0
0
0
0
0
0
0
0
0
0
0
0
0
0
0
0
7.741887851e-08
7.742687579e-08
7.742632753e-08
7.742053418e-08
7.740165953e-08
7.739477427e-08
0
0
0
0
0
0
0
0
0
0
0
0
0
0
0
7.744345243e-08
7.743455108e-08
7.743266731e-08
7.743581302e-08
7.744051438e-08
7.743309978e-08
7.742177655e-08
7.740881701e-08
7.736986413e-08
0
0
0
0
0
0
0
0
0
0
0
0
0
7.74596716e-08
7.74521819e-08
7.745390889e-08
7.745587931e-08
7.745794636e-08
7.744449742e-08
7.744265482e-08
7.7426685e-08
7.741556595e-08
7.739917365e-08
0
0
0
0
0
0
0
0
0
0
0
0
7.745056783e-08
7.745190352e-08
7.745825085e-08
7.746493904e-08
7.747045753e-08
7.74703511e-08
7.746746239e-08
7.744797418e-08
7.74280675e-08
7.741929224e-08
7.739805055e-08
0
0
0
0
0
0
0
0
0
0
0
7.745171531e-08
7.745562404e-08
7.746718544e-08
7.747453788e-08
7.747847369e-08
7.74782623e-08
7.747740905e-08
7.746763079e-08
7.745090025e-08
7.743200193e-08
7.741548369e-08
7.738560567e-08
0
0
0
0
0
0
0
0
0
0
7.745217834e-08
7.745994374e-08
7.747361825e-08
7.747849759e-08
7.748183719e-08
7.748200865e-08
7.74814494e-08
7.747883e-08
7.746492625e-08
7.744176433e-08
7.742747287e-08
7.741288536e-08
7.737759575e-08
0
0
0
0
0
0
0
0
0
7.745202343e-08
7.74640061e-08
7.747670857e-08
7.748297007e-08
0
0
0
7.748333693e-08
7.747531647e-08
7.745869252e-08
7.743806162e-08
7.742377631e-08
7.741212681e-08
7.735437026e-08
7.737654191e-08
7.742500729e-08
7.741576755e-08
7.739605777e-08
7.73506634e-08
7.738457868e-08
7.741468779e-08
7.737536857e-08
7.745198366e-08
7.746892739e-08
7.748039665e-08
7.748484586e-08
0
0
0
0
7.748242649e-08
7.746914711e-08
7.745150512e-08
7.74345375e-08
7.742450735e-08
7.741460817e-08
7.743228996e-08
7.744034794e-08
7.744100688e-08
7.743590945e-08
7.743857953e-08
7.743813528e-08
7.743855547e-08
7.743806015e-08
7.745193057e-08
0
7.748176505e-08
0
0
0
0
0
7.748581783e-08
7.747792533e-08
7.746503307e-08
7.744718407e-08
7.743549212e-08
7.743483174e-08
7.744253714e-08
7.744179211e-08
0
0
0
0
0
0
0
0
0
0
0
0
0
0
0
7.748513623e-08
7.74715612e-08
7.746066013e-08
7.74518161e-08
7.74420718e-08
7.744236529e-08
0
0
0
0
0
0
0
7.745172e-08
0
7.748353226e-08
0
0
0
0
0
0
0
7.748329535e-08
7.746900115e-08
7.746187485e-08
7.745146414e-08
0
0
0
0
0
0
0
0
7.745165027e-08
7.747681401e-08
7.748405471e-08
0
0
0
0
0
0
0
0
7.747525662e-08
7.747263859e-08
7.746642676e-08
0
0
0
0
0
0
0
0
7.745141081e-08
7.747763663e-08
7.748430668e-08
0
0
0
0
0
0
0
0
0
7.748025185e-08
0
0
0
0
0
0
0
0
0
7.745150921e-08
7.747832347e-08
0
0
0
0
0
0
0
0
0
0
0
0
0
0
0
0
0
0
0
0
7.745114897e-08
7.74783464e-08
0
0
0
0
0
0
0
0
0
0
0
0
0
0
0
0
0
0
0
0
7.745116778e-08
7.747870164e-08
0
0
0
0
0
0
0
0
0
0
0
0
0
0
0
0
0
0
0
0
7.745119411e-08
7.747880718e-08
0
0
0
0
0
0
0
0
0
0
0
0
0
0
0
0
0
0
0
0
7.745065499e-08
7.747886285e-08
0
0
0
0
0
0
0
0
0
0
0
0
0
0
0
0
0
0
0
0
7.743541103e-08
7.74049674e-08
0
0
0
0
0
0
0
0
0
0
0
0
0
0
0
0
0
0
0
0
7.736897279e-08
7.740188671e-08
0
0
0
0
0
0
0
0
0
0
0
0
0
0
0
0
0
0
0
0
7.735710046e-08
7.740041297e-08
0
0
0
0
0
0
0
0
0
0
0
0
0
0
0
0
0
0
0
0
7.735704968e-08
7.739938297e-08
0
0
0
0
0
0
0
0
0
0
0
0
0
0
0
0
0
0
0
0
7.735662187e-08
7.739868091e-08
0
0
0
0
0
0
0
0
0
0
0
0
0
0
0
0
0
0
0
0
7.735502291e-08
7.73978239e-08
0
0
0
0
0
0
0
0
0
0
0
0
0
0
0
0
0
0
0
0
7.735378672e-08
7.739728174e-08
0
0
0
0
0
0
0
0
0
0
0
0
0
0
0
0
0
0
0
0
7.735283524e-08
7.739664439e-08
0
0
0
0
0
0
0
0
0
0
0
0
0
0
0
0
0
0
0
0
7.735216628e-08
7.739618924e-08
0
0
0
0
0
0
0
0
0
0
0
0
0
0
0
0
0
0
0
0
7.735151318e-08
7.739597603e-08
0
0
0
0
0
0
0
0
0
0
0
0
0
0
0
0
0
0
0
0
7.735168454e-08
7.739579835e-08
0
0
0
0
0
0
0
0
0
0
0
0
0
0
0
0
0
0
0
0
7.735088603e-08
7.739571997e-08
0
0
0
0
0
0
0
0
0
0
0
0
0
0
0
0
0
0
0
0
7.735044261e-08
7.739562589e-08
0
0
0
0
0
0
0
0
0
0
0
0
0
0
0
0
0
0
0
0
7.734970483e-08
7.73955305e-08
0
0
0
0
0
0
0
0
0
0
0
0
0
0
0
0
0
0
0
0
7.734874347e-08
7.739531921e-08
0
0
0
0
0
0
0
0
0
0
0
0
0
0
0
0
0
0
0
0
7.73473073e-08
7.739515922e-08
0
0
0
0
0
0
0
0
0
0
0
0
0
0
0
0
0
0
0
0
7.734611918e-08
7.739494724e-08
0
0
0
0
0
0
0
0
0
0
0
0
0
0
0
0
0
0
0
0
7.734564034e-08
7.739449849e-08
0
0
0
0
0
0
0
0
0
0
0
0
0
0
0
0
0
0
0
0
7.734217638e-08
7.739408517e-08
0
0
0
0
0
0
0
0
0
0
0
0
0
0
0
0
0
0
0
0
7.733930175e-08
7.739359452e-08
0
0
0
0
0
0
0
0
0
0
0
0
0
0
0
0
0
0
0
0
7.733464066e-08
7.739305119e-08
0
0
0
0
0
0
0
0
0
0
0
0
0
0
0
0
0
0
0
0
7.732898439e-08
7.739246586e-08
0
0
0
0
0
0
0
0
0
0
0
0
0
0
0
0
0
0
0
0
7.732227098e-08
7.739193063e-08
0
0
0
0
0
0
0
0
0
0
0
0
0
0
0
0
0
0
0
0
7.731358476e-08
7.739126527e-08
0
0
0
0
0
0
0
0
0
0
0
0
0
0
0
0
0
0
0
0
7.730775799e-08
7.739076606e-08
0
0
0
0
0
0
0
0
0
0
0
0
0
0
0
0
0
0
0
0
7.730701718e-08
7.739030736e-08
0
0
0
0
0
0
0
0
0
0
0
0
0
0
0
0
0
0
0
0
7.730998708e-08
7.738960619e-08
0
0
0
0
0
0
0
0
0
0
0
0
0
0
0
0
0
0
0
0
7.728954465e-08
7.738897314e-08
0
0
0
0
0
0
0
0
0
0
0
0
0
0
0
0
0
0
0
0
7.727933337e-08
7.738778063e-08
0
0
0
0
0
0
0
0
0
0
0
0
0
0
0
0
0
0
0
0
7.727780396e-08
7.738735019e-08
0
0
0
0
0
0
0
0
0
0
0
0
0
0
0
0
0
0
0
0
7.72373899e-08
7.738538398e-08
0
0
0
0
0
0
0
0
0
0
0
0
0
0
0
0
0
0
0
0
7.721753967e-08
7.738507711e-08
0
0
0
0
0
0
0
0
0
0
0
0
0
0
0
0
0
0
0
0
7.71837395e-08
7.738275276e-08
0
0
0
0
0
0
0
0
0
0
0
0
0
0
0
0
0
0
0
0
7.717467321e-08
7.73811605e-08
0
0
0
0
0
0
0
0
0
0
0
0
0
0
0
0
0
0
0
0
7.718321856e-08
7.737954545e-08
0
0
0
0
0
0
0
0
0
0
0
0
0
0
0
0
0
0
0
0
7.724845984e-08
7.739751802e-08
0
0
0
0
0
0
0
0
0
0
0
0
0
0
0
0
0
0
0
0
0
0
0
0
0
0
0
0
0
0
0
0
0
0
0
0
0
0
0
0
0
0
0
0
0
0
0
0
0
0
0
0
0
0
0
0
0
0
0
0
0
0
0
0
0
0
0
0
0
0
0
0
0
0
0
0
0
0
0
0
0
0
0
0
0
0
0
0
0
0
0
0
0
0
0
0
0
0
0
0
0
0
0
0
0
0
0
0
0
0
7.555130171e-08
7.741575317e-08
7.741735384e-08
7.741675843e-08
0
0
0
0
0
0
0
0
0
)
;

boundaryField
{
    inlet
    {
        type            calculated;
        value           uniform 0;
    }
    frontandback
    {
        type            empty;
    }
    walls
    {
        type            calculated;
        value           uniform 0;
    }
    outlet
    {
        type            calculated;
        value           uniform 0;
    }
}


// ************************************************************************* //
