/*--------------------------------*- C++ -*----------------------------------*\
  =========                 |
  \\      /  F ield         | OpenFOAM: The Open Source CFD Toolbox
   \\    /   O peration     | Website:  https://openfoam.org
    \\  /    A nd           | Version:  9
     \\/     M anipulation  |
\*---------------------------------------------------------------------------*/
FoamFile
{
    format      ascii;
    class       volScalarField;
    location    "10";
    object      Xi_gas_gas6;
}
// * * * * * * * * * * * * * * * * * * * * * * * * * * * * * * * * * * * * * //

dimensions      [0 0 0 0 0 0 0];

internalField   nonuniform List<scalar> 
2215
(
0
0
0
0
0
0
0
0
0
0
0
0
0
0
0
0
0
0
0
0
0
0
0
0
0
0
0
0
0
0
0
0
0
0
0
0
0
0
0
0
0
0
0
0
0
0
0
0
0
0
0
0
0
0
0
0
0
0
0
0
0
0
0
0
0
0
0
0
0
0
0
0
0
0
0
0
0
0
0
0
0
0
0
0
0
0
0
0
0
0
0
0
0
0
0
0
0
0
0
0
0
0
0
0
0
0
0
0
0
0
0
0
0
0
0
0
0
0
0
0
0
0
0
0
0
0
0
0
0
0
0
0
0
0
0
0
0
0
0
0
0
0
0
0
0
0
0
0
0
0
0
0
0
0
0
0
0
0
0
0
0
0
0
0
0
0
0
0
0
0
0
0
0
0
0
0
0
0
0
0
0
0
0
0
0
0
0
0
0
0
0
0
0
0
0
0
0
0
0
0
0
0
0
0
0
0
0
0
0
0
0
0
0
0
0
0
0
0
0
0
0
0
0
0
0
0
0
0
0
0
0
0
0
0
0
0
0
0
0
0
0
0
0
0
0
0
0
0
0
0
0
0
0
0
0
0
0
0
0
0
0
0
0
0
0
0
0
0
0
0
0
0
0
0
0
0
0
0
0
0
0
0
0
0
0
0
0
0
0
0
0
0
0
0
0
0
0
0
0
0
0
0
0
0
0
0
0
0
0
0
0
0
0
0
0
0
0
0
0
0
0
0
0
0
0
0
0
0
0
0
0
0
0
0
0
0
0
0
0
0
0
0
0
0
0
0
0
0
0
0
0
0
0
0
0
0
0
0
0
0
0
0
0
0
0
0
0
0
0
0
0
0
0
0
0
0
0
0
0
0
0
0
0
0
0
0
0
0
0
0
0
0
0
0
0
0
0
0
0
0
0
0
0
0
0
0
0
0
0
0
0
0
0
0
0
0
0
0
0
0
0
0
0
0
0
0
0
0
0
0
0
0
0
0
0
0
0
0
0
0
0
0
0
0
0
0
0
0
0
0
0
0
0
0
0
0
0
0
0
0
0
0
0
0
0
0
0
0
0
0
0
0
0
0
0
0
0
0
0
0
0
0
0
0
0
0
0
0
0
0
0
0
0
0
0
0
0
0
0
0
0
0
0
0
0
0
0
0
0
0
0
0
0
0
0
0
0
0
0
0
0
0
0
0
0
0
0
0
0
0
0
0
0
0
0
0
0
0
0
0
0
0
0
0
0
0
0
0
0
0
0
0
0
0
0
0
0
0
0
0
0
0
0
0
0
0
0
0
0
0
0
0
0
0
0
0
0
0
0
0
0
0
0
0
0
0
0
0
0
0
0
0
0
0
0
0
0
0
0
0
0
0
0
0
0
0
0
0
0
0
0
0
0
0
0
0
0
0
0
0
0
0
0
0
0
0
0
0
0
0
0
0
0
0
0
0
0
0
0
0
0
0
0
0
0
0
0
0
0
0
0
0
0
0
0
0
0
0
0
0
0
0
0
0
0
0
0
0
0
0
0
0
0
0
0
0
0
0
0
0
0
0
0
0
0
0
0
0
0
0
0
0
0
0
0
0
0
0
0
0
0
0
0
0
0
0
0
0
0
0
0
0
0
0
0
0
0
0
0
0
0
0
0
0
0
0
0
0
0
0
0
0
0
0
0
0
0
0
0
0
0
0
0
0
0
0
0
0
0
0
0
0
0
0
0
0
0
0
0
0
0
0
0
0
0
0
0
0
0
0
0
0
0
0
0
0
0
0
0
0
0
0
0
0
0
0
0
0
0
0
0
0
0
0
0
0
0
0
0
0
0
0
0
0
0
0
0
0
0
0
0
0
0
0
0
0
0
0
0
0
0
0
0
0
0
0
0
0
0
0
0
0
0
0
0
0
0
0
0
0
0
0
0
0
0
0
0
0
0
0
0
0
0
0
0
0
0
0
0
0
0
0
0
0
0
0
0
0
0
0
0
0
0
0
0
0
0
0
0
0
0
0
0
0
0
0
0
0
0
0
0
0
0
0
0
0
0
0
0
0
0
0
0
0
0
0
0
0
0
0
0
0
0
0
0
0
0
0
0
0
0
0
0
0
0
0.0002155976862
0.0002155833937
0.0002155836058
0.0002155879253
0.0002156042271
0.000215614547
0
0
0
0
0
0
0
0
0
0
0
0
0
0
0
0.0002155744229
0.0002155777146
0.000215575716
0.0002155733267
0.0002155724105
0.0002155781037
0.0002155848773
0.0002155954139
0.000215632675
0
0
0
0
0
0
0
0
0
0
0
0
0
0.0002155616133
0.0002155599838
0.0002155585136
0.0002155586492
0.0002155578473
0.0002155718983
0.0002155728353
0.0002155828613
0.0002155892479
0.0002156036451
0
0
0
0
0
0
0
0
0
0
0
0
0.0002155599013
0.0002155587771
0.0002155555374
0.0002155551398
0.000215555639
0.0002155559025
0.0002155572261
0.0002155693044
0.0002155823518
0.0002155877311
0.0002156048822
0
0
0
0
0
0
0
0
0
0
0
0.000215556522
0.0002155547117
0.0002155545993
0.0002155546365
0.0002155549065
0.0002155552396
0.0002155553071
0.0002155610492
0.0002155675056
0.0002155792073
0.0002155910625
0.0002156145868
0
0
0
0
0
0
0
0
0
0
0.0002155555886
0.0002155538942
0.0002155549033
0.0002155548367
0.0002155545389
0.0002155547056
0.0002155548021
0.0002155558059
0.0002155614716
0.0002155739154
0.0002155836511
0.0002155934731
0.0002156231095
0
0
0
0
0
0
0
0
0
0.0002155553637
0.0002155546213
0.0002155547769
0.0002155545019
0
0
0
0.0002155550306
0.0002155586131
0.0002155634806
0.0002155761375
0.0002155870896
0.0002155968317
0.0002156452301
0.0002156276563
0.0002155906016
0.0002155985818
0.000215615117
0.0002156414472
0.0002156218389
0.0002155980332
0.0002156299328
0.0002155552944
0.0002155545155
0.0002155546491
0.0002155545587
0
0
0
0
0.0002155562747
0.0002155600786
0.0002155685751
0.0002155795328
0.0002155878364
0.0002155981293
0.0002155847593
0.000215577692
0.0002155775426
0.000215581248
0.0002155800265
0.0002155802337
0.0002155799871
0.0002155801333
0.0002155551734
0
0.0002155549929
0
0
0
0
0
0.0002155553541
0.0002155574891
0.0002155612545
0.0002155715783
0.0002155813038
0.0002155813065
0.0002155771289
0.0002155753139
0
0
0
0
0
0
0
0
0
0
0
0
0
0
0
0.0002155554968
0.0002155596017
0.0002155641277
0.0002155680258
0.0002155765014
0.0002155757852
0
0
0
0
0
0
0
0.0002155549147
0
0.0002155546405
0
0
0
0
0
0
0
0.0002155557896
0.000215560081
0.000215563394
0.0002155702768
0
0
0
0
0
0
0
0
0.0002155548976
0.0002155553293
0.0002155544754
0
0
0
0
0
0
0
0
0.0002155597336
0.0002155571806
0.0002155592572
0
0
0
0
0
0
0
0
0.0002155547104
0.0002155554758
0.0002155544973
0
0
0
0
0
0
0
0
0
0.0002155545765
0
0
0
0
0
0
0
0
0
0.0002155545101
0.0002155555306
0
0
0
0
0
0
0
0
0
0
0
0
0
0
0
0
0
0
0
0
0.0002155551075
0.0002155555187
0
0
0
0
0
0
0
0
0
0
0
0
0
0
0
0
0
0
0
0
0.0002155554042
0.0002155556054
0
0
0
0
0
0
0
0
0
0
0
0
0
0
0
0
0
0
0
0
0.0002155558209
0.0002155556474
0
0
0
0
0
0
0
0
0
0
0
0
0
0
0
0
0
0
0
0
0.0002155568917
0.0002155557127
0
0
0
0
0
0
0
0
0
0
0
0
0
0
0
0
0
0
0
0
0.000215576669
0.0002155911813
0
0
0
0
0
0
0
0
0
0
0
0
0
0
0
0
0
0
0
0
0.0002156080775
0.0002155923662
0
0
0
0
0
0
0
0
0
0
0
0
0
0
0
0
0
0
0
0
0.000215610993
0.0002155930693
0
0
0
0
0
0
0
0
0
0
0
0
0
0
0
0
0
0
0
0
0.0002156108207
0.0002155936622
0
0
0
0
0
0
0
0
0
0
0
0
0
0
0
0
0
0
0
0
0.0002156122872
0.000215594074
0
0
0
0
0
0
0
0
0
0
0
0
0
0
0
0
0
0
0
0
0.0002156126485
0.0002155945636
0
0
0
0
0
0
0
0
0
0
0
0
0
0
0
0
0
0
0
0
0.0002156131577
0.0002155949123
0
0
0
0
0
0
0
0
0
0
0
0
0
0
0
0
0
0
0
0
0.0002156133007
0.0002155953102
0
0
0
0
0
0
0
0
0
0
0
0
0
0
0
0
0
0
0
0
0.0002156136822
0.000215595622
0
0
0
0
0
0
0
0
0
0
0
0
0
0
0
0
0
0
0
0
0.0002156140624
0.0002155957519
0
0
0
0
0
0
0
0
0
0
0
0
0
0
0
0
0
0
0
0
0.0002156139305
0.0002155959063
0
0
0
0
0
0
0
0
0
0
0
0
0
0
0
0
0
0
0
0
0.0002156146545
0.0002155959726
0
0
0
0
0
0
0
0
0
0
0
0
0
0
0
0
0
0
0
0
0.0002156150702
0.0002155960722
0
0
0
0
0
0
0
0
0
0
0
0
0
0
0
0
0
0
0
0
0.0002156158751
0.0002155961754
0
0
0
0
0
0
0
0
0
0
0
0
0
0
0
0
0
0
0
0
0.0002156169851
0.0002155963683
0
0
0
0
0
0
0
0
0
0
0
0
0
0
0
0
0
0
0
0
0.000215618469
0.0002155964953
0
0
0
0
0
0
0
0
0
0
0
0
0
0
0
0
0
0
0
0
0.0002156195286
0.0002155966394
0
0
0
0
0
0
0
0
0
0
0
0
0
0
0
0
0
0
0
0
0.0002156196159
0.0002155970288
0
0
0
0
0
0
0
0
0
0
0
0
0
0
0
0
0
0
0
0
0.0002156228347
0.000215597352
0
0
0
0
0
0
0
0
0
0
0
0
0
0
0
0
0
0
0
0
0.0002156255163
0.0002155977601
0
0
0
0
0
0
0
0
0
0
0
0
0
0
0
0
0
0
0
0
0.0002156298796
0.0002155982023
0
0
0
0
0
0
0
0
0
0
0
0
0
0
0
0
0
0
0
0
0.0002156356871
0.00021559872
0
0
0
0
0
0
0
0
0
0
0
0
0
0
0
0
0
0
0
0
0.0002156428049
0.0002155992176
0
0
0
0
0
0
0
0
0
0
0
0
0
0
0
0
0
0
0
0
0.0002156534235
0.0002155998477
0
0
0
0
0
0
0
0
0
0
0
0
0
0
0
0
0
0
0
0
0.0002156594977
0.0002156003782
0
0
0
0
0
0
0
0
0
0
0
0
0
0
0
0
0
0
0
0
0.000215660239
0.0002156008937
0
0
0
0
0
0
0
0
0
0
0
0
0
0
0
0
0
0
0
0
0.0002156606653
0.0002156016357
0
0
0
0
0
0
0
0
0
0
0
0
0
0
0
0
0
0
0
0
0.0002156799984
0.00021560246
0
0
0
0
0
0
0
0
0
0
0
0
0
0
0
0
0
0
0
0
0.0002156892535
0.0002156036139
0
0
0
0
0
0
0
0
0
0
0
0
0
0
0
0
0
0
0
0
0.0002156913554
0.0002156044607
0
0
0
0
0
0
0
0
0
0
0
0
0
0
0
0
0
0
0
0
0.000215725866
0.0002156064625
0
0
0
0
0
0
0
0
0
0
0
0
0
0
0
0
0
0
0
0
0.000215747931
0.0002156075336
0
0
0
0
0
0
0
0
0
0
0
0
0
0
0
0
0
0
0
0
0.0002157824376
0.0002156103681
0
0
0
0
0
0
0
0
0
0
0
0
0
0
0
0
0
0
0
0
0.0002157963699
0.0002156132579
0
0
0
0
0
0
0
0
0
0
0
0
0
0
0
0
0
0
0
0
0.0002157913211
0.0002156154929
0
0
0
0
0
0
0
0
0
0
0
0
0
0
0
0
0
0
0
0
0.0002157389338
0.000215600182
0
0
0
0
0
0
0
0
0
0
0
0
0
0
0
0
0
0
0
0
0
0
0
0
0
0
0
0
0
0
0
0
0
0
0
0
0
0
0
0
0
0
0
0
0
0
0
0
0
0
0
0
0
0
0
0
0
0
0
0
0
0
0
0
0
0
0
0
0
0
0
0
0
0
0
0
0
0
0
0
0
0
0
0
0
0
0
0
0
0
0
0
0
0
0
0
0
0
0
0
0
0
0
0
0
0
0
0
0
0
0.0002172691051
0.0002155955095
0.0002155915765
0.0002155907393
0
0
0
0
0
0
0
0
0
)
;

boundaryField
{
    inlet
    {
        type            calculated;
        value           uniform 0;
    }
    frontandback
    {
        type            empty;
    }
    walls
    {
        type            calculated;
        value           uniform 0;
    }
    outlet
    {
        type            calculated;
        value           uniform 0;
    }
}


// ************************************************************************* //
