/*--------------------------------*- C++ -*----------------------------------*\
  =========                 |
  \\      /  F ield         | OpenFOAM: The Open Source CFD Toolbox
   \\    /   O peration     | Website:  https://openfoam.org
    \\  /    A nd           | Version:  9
     \\/     M anipulation  |
\*---------------------------------------------------------------------------*/
FoamFile
{
    format      ascii;
    class       volScalarField;
    location    "10";
    object      Xi_gas_gas11;
}
// * * * * * * * * * * * * * * * * * * * * * * * * * * * * * * * * * * * * * //

dimensions      [0 0 0 0 0 0 0];

internalField   nonuniform List<scalar> 
2215
(
0
0
0
0
0
0
0
0
0
0
0
0
0
0
0
0
0
0
0
0
0
0
0
0
0
0
0
0
0
0
0
0
0
0
0
0
0
0
0
0
0
0
0
0
0
0
0
0
0
0
0
0
0
0
0
0
0
0
0
0
0
0
0
0
0
0
0
0
0
0
0
0
0
0
0
0
0
0
0
0
0
0
0
0
0
0
0
0
0
0
0
0
0
0
0
0
0
0
0
0
0
0
0
0
0
0
0
0
0
0
0
0
0
0
0
0
0
0
0
0
0
0
0
0
0
0
0
0
0
0
0
0
0
0
0
0
0
0
0
0
0
0
0
0
0
0
0
0
0
0
0
0
0
0
0
0
0
0
0
0
0
0
0
0
0
0
0
0
0
0
0
0
0
0
0
0
0
0
0
0
0
0
0
0
0
0
0
0
0
0
0
0
0
0
0
0
0
0
0
0
0
0
0
0
0
0
0
0
0
0
0
0
0
0
0
0
0
0
0
0
0
0
0
0
0
0
0
0
0
0
0
0
0
0
0
0
0
0
0
0
0
0
0
0
0
0
0
0
0
0
0
0
0
0
0
0
0
0
0
0
0
0
0
0
0
0
0
0
0
0
0
0
0
0
0
0
0
0
0
0
0
0
0
0
0
0
0
0
0
0
0
0
0
0
0
0
0
0
0
0
0
0
0
0
0
0
0
0
0
0
0
0
0
0
0
0
0
0
0
0
0
0
0
0
0
0
0
0
0
0
0
0
0
0
0
0
0
0
0
0
0
0
0
0
0
0
0
0
0
0
0
0
0
0
0
0
0
0
0
0
0
0
0
0
0
0
0
0
0
0
0
0
0
0
0
0
0
0
0
0
0
0
0
0
0
0
0
0
0
0
0
0
0
0
0
0
0
0
0
0
0
0
0
0
0
0
0
0
0
0
0
0
0
0
0
0
0
0
0
0
0
0
0
0
0
0
0
0
0
0
0
0
0
0
0
0
0
0
0
0
0
0
0
0
0
0
0
0
0
0
0
0
0
0
0
0
0
0
0
0
0
0
0
0
0
0
0
0
0
0
0
0
0
0
0
0
0
0
0
0
0
0
0
0
0
0
0
0
0
0
0
0
0
0
0
0
0
0
0
0
0
0
0
0
0
0
0
0
0
0
0
0
0
0
0
0
0
0
0
0
0
0
0
0
0
0
0
0
0
0
0
0
0
0
0
0
0
0
0
0
0
0
0
0
0
0
0
0
0
0
0
0
0
0
0
0
0
0
0
0
0
0
0
0
0
0
0
0
0
0
0
0
0
0
0
0
0
0
0
0
0
0
0
0
0
0
0
0
0
0
0
0
0
0
0
0
0
0
0
0
0
0
0
0
0
0
0
0
0
0
0
0
0
0
0
0
0
0
0
0
0
0
0
0
0
0
0
0
0
0
0
0
0
0
0
0
0
0
0
0
0
0
0
0
0
0
0
0
0
0
0
0
0
0
0
0
0
0
0
0
0
0
0
0
0
0
0
0
0
0
0
0
0
0
0
0
0
0
0
0
0
0
0
0
0
0
0
0
0
0
0
0
0
0
0
0
0
0
0
0
0
0
0
0
0
0
0
0
0
0
0
0
0
0
0
0
0
0
0
0
0
0
0
0
0
0
0
0
0
0
0
0
0
0
0
0
0
0
0
0
0
0
0
0
0
0
0
0
0
0
0
0
0
0
0
0
0
0
0
0
0
0
0
0
0
0
0
0
0
0
0
0
0
0
0
0
0
0
0
0
0
0
0
0
0
0
0
0
0
0
0
0
0
0
0
0
0
0
0
0
0
0
0
0
0
0
0
0
0
0
0
0
0
0
0
0
0
0
0
0
0
0
0
0
0
0
0
0
0
0
0
0
0
0
0
0
0
0
0
0
0
0
0
0
0
0
0
0
0
0
0
0
0
0
0
0
0
0
0
0
0
0
0
0
0
0
0
0
0
0
0
0
0
0
0
0
0
0
0
0
0
0
0
0
0
0
0
0
0
0
0
0
0
0
0
0
0
0
0
0
0
0
0
0
0
0
0
0
0
0
0
0
0
0
0
0
0
0
0
0
0
0
0
0
0
2.426313381e-08
2.426372753e-08
2.426363391e-08
2.426278234e-08
2.42602266e-08
2.425956022e-08
0
0
0
0
0
0
0
0
0
0
0
0
0
0
0
2.426635821e-08
2.42648523e-08
2.426452822e-08
2.426504982e-08
2.426581937e-08
2.426460294e-08
2.426282094e-08
2.42610061e-08
2.425598458e-08
0
0
0
0
0
0
0
0
0
0
0
0
0
2.426866215e-08
2.426725563e-08
2.426754276e-08
2.426792327e-08
2.426834106e-08
2.42664359e-08
2.426613793e-08
2.426364471e-08
2.426188772e-08
2.425966924e-08
0
0
0
0
0
0
0
0
0
0
0
0
2.426694276e-08
2.426716957e-08
2.426829228e-08
2.426954766e-08
2.427059181e-08
2.427059052e-08
2.427008568e-08
2.42669698e-08
2.426388763e-08
2.426251757e-08
2.425952147e-08
0
0
0
0
0
0
0
0
0
0
0
2.426703435e-08
2.426774055e-08
2.426992169e-08
2.427127788e-08
2.42720407e-08
2.427201634e-08
2.427186201e-08
2.427029934e-08
2.42674297e-08
2.426446397e-08
2.42619971e-08
2.4257776e-08
0
0
0
0
0
0
0
0
0
0
2.426702555e-08
2.426853506e-08
2.427112133e-08
2.427203163e-08
2.427265687e-08
2.427269688e-08
2.427259516e-08
2.427215333e-08
2.426979276e-08
2.426604428e-08
2.426385839e-08
2.426166478e-08
2.425681487e-08
0
0
0
0
0
0
0
0
0
2.426697591e-08
2.426937131e-08
2.427171518e-08
2.427287459e-08
0
0
0
2.427297388e-08
2.42716367e-08
2.426870119e-08
2.426546092e-08
2.426335824e-08
2.426174841e-08
2.425390352e-08
2.425702136e-08
2.426386342e-08
2.426261467e-08
2.42599264e-08
2.425293904e-08
2.425822744e-08
2.426240305e-08
2.42570127e-08
2.426696034e-08
2.42702906e-08
2.427239126e-08
2.427323392e-08
0
0
0
0
2.427287071e-08
2.427052386e-08
2.426761636e-08
2.426498235e-08
2.426355708e-08
2.426234904e-08
2.426487437e-08
2.426599028e-08
2.42660873e-08
2.426532958e-08
2.426576534e-08
2.426568791e-08
2.426575284e-08
2.426568664e-08
2.426693925e-08
0
2.427265699e-08
0
0
0
0
0
2.427347229e-08
2.427207107e-08
2.426980128e-08
2.426696001e-08
2.426528424e-08
2.426517817e-08
2.426634555e-08
2.426612763e-08
0
0
0
0
0
0
0
0
0
0
0
0
0
0
0
2.427334882e-08
2.42709676e-08
2.426912077e-08
2.426771662e-08
2.426625168e-08
2.426626796e-08
0
0
0
0
0
0
0
2.426688205e-08
0
2.427297855e-08
0
0
0
0
0
0
0
2.427300973e-08
2.42705e-08
2.426930914e-08
2.426771893e-08
0
0
0
0
0
0
0
0
2.426686149e-08
2.427174488e-08
2.427307442e-08
0
0
0
0
0
0
0
0
2.427167758e-08
2.427103817e-08
2.426994454e-08
0
0
0
0
0
0
0
0
2.426681093e-08
2.427189372e-08
2.427312234e-08
0
0
0
0
0
0
0
0
0
2.427234625e-08
0
0
0
0
0
0
0
0
0
2.426681663e-08
2.42720262e-08
0
0
0
0
0
0
0
0
0
0
0
0
0
0
0
0
0
0
0
0
2.426676872e-08
2.427204541e-08
0
0
0
0
0
0
0
0
0
0
0
0
0
0
0
0
0
0
0
0
2.426677643e-08
2.427211329e-08
0
0
0
0
0
0
0
0
0
0
0
0
0
0
0
0
0
0
0
0
2.426679732e-08
2.427213717e-08
0
0
0
0
0
0
0
0
0
0
0
0
0
0
0
0
0
0
0
0
2.426672839e-08
2.42721493e-08
0
0
0
0
0
0
0
0
0
0
0
0
0
0
0
0
0
0
0
0
2.426496262e-08
2.425990487e-08
0
0
0
0
0
0
0
0
0
0
0
0
0
0
0
0
0
0
0
0
2.425392219e-08
2.425937674e-08
0
0
0
0
0
0
0
0
0
0
0
0
0
0
0
0
0
0
0
0
2.425178756e-08
2.425913216e-08
0
0
0
0
0
0
0
0
0
0
0
0
0
0
0
0
0
0
0
0
2.425176834e-08
2.425896722e-08
0
0
0
0
0
0
0
0
0
0
0
0
0
0
0
0
0
0
0
0
2.425177336e-08
2.425885545e-08
0
0
0
0
0
0
0
0
0
0
0
0
0
0
0
0
0
0
0
0
2.425148541e-08
2.425871803e-08
0
0
0
0
0
0
0
0
0
0
0
0
0
0
0
0
0
0
0
0
2.42512735e-08
2.425863305e-08
0
0
0
0
0
0
0
0
0
0
0
0
0
0
0
0
0
0
0
0
2.425109824e-08
2.425853274e-08
0
0
0
0
0
0
0
0
0
0
0
0
0
0
0
0
0
0
0
0
2.425098982e-08
2.425846308e-08
0
0
0
0
0
0
0
0
0
0
0
0
0
0
0
0
0
0
0
0
2.42508856e-08
2.42584291e-08
0
0
0
0
0
0
0
0
0
0
0
0
0
0
0
0
0
0
0
0
2.425091002e-08
2.425840379e-08
0
0
0
0
0
0
0
0
0
0
0
0
0
0
0
0
0
0
0
0
2.425079719e-08
2.425839229e-08
0
0
0
0
0
0
0
0
0
0
0
0
0
0
0
0
0
0
0
0
2.425073533e-08
2.425838018e-08
0
0
0
0
0
0
0
0
0
0
0
0
0
0
0
0
0
0
0
0
2.425063787e-08
2.425836733e-08
0
0
0
0
0
0
0
0
0
0
0
0
0
0
0
0
0
0
0
0
2.425051705e-08
2.425833813e-08
0
0
0
0
0
0
0
0
0
0
0
0
0
0
0
0
0
0
0
0
2.425032483e-08
2.425831434e-08
0
0
0
0
0
0
0
0
0
0
0
0
0
0
0
0
0
0
0
0
2.425015669e-08
2.425828164e-08
0
0
0
0
0
0
0
0
0
0
0
0
0
0
0
0
0
0
0
0
2.425007001e-08
2.425821749e-08
0
0
0
0
0
0
0
0
0
0
0
0
0
0
0
0
0
0
0
0
2.424958684e-08
2.425815623e-08
0
0
0
0
0
0
0
0
0
0
0
0
0
0
0
0
0
0
0
0
2.424918775e-08
2.425808501e-08
0
0
0
0
0
0
0
0
0
0
0
0
0
0
0
0
0
0
0
0
2.424853998e-08
2.425800552e-08
0
0
0
0
0
0
0
0
0
0
0
0
0
0
0
0
0
0
0
0
2.424778403e-08
2.425792237e-08
0
0
0
0
0
0
0
0
0
0
0
0
0
0
0
0
0
0
0
0
2.424689916e-08
2.425784772e-08
0
0
0
0
0
0
0
0
0
0
0
0
0
0
0
0
0
0
0
0
2.424583673e-08
2.425775562e-08
0
0
0
0
0
0
0
0
0
0
0
0
0
0
0
0
0
0
0
0
2.424506075e-08
2.425768987e-08
0
0
0
0
0
0
0
0
0
0
0
0
0
0
0
0
0
0
0
0
2.424495715e-08
2.425763107e-08
0
0
0
0
0
0
0
0
0
0
0
0
0
0
0
0
0
0
0
0
2.424555754e-08
2.425753844e-08
0
0
0
0
0
0
0
0
0
0
0
0
0
0
0
0
0
0
0
0
2.424271743e-08
2.42574639e-08
0
0
0
0
0
0
0
0
0
0
0
0
0
0
0
0
0
0
0
0
2.424127919e-08
2.42573001e-08
0
0
0
0
0
0
0
0
0
0
0
0
0
0
0
0
0
0
0
0
2.42411053e-08
2.425726665e-08
0
0
0
0
0
0
0
0
0
0
0
0
0
0
0
0
0
0
0
0
2.423528087e-08
2.425700295e-08
0
0
0
0
0
0
0
0
0
0
0
0
0
0
0
0
0
0
0
0
2.423272079e-08
2.42570039e-08
0
0
0
0
0
0
0
0
0
0
0
0
0
0
0
0
0
0
0
0
2.422817251e-08
2.425672144e-08
0
0
0
0
0
0
0
0
0
0
0
0
0
0
0
0
0
0
0
0
2.42272395e-08
2.425657996e-08
0
0
0
0
0
0
0
0
0
0
0
0
0
0
0
0
0
0
0
0
2.422860336e-08
2.42563984e-08
0
0
0
0
0
0
0
0
0
0
0
0
0
0
0
0
0
0
0
0
2.42382059e-08
2.425898588e-08
0
0
0
0
0
0
0
0
0
0
0
0
0
0
0
0
0
0
0
0
0
0
0
0
0
0
0
0
0
0
0
0
0
0
0
0
0
0
0
0
0
0
0
0
0
0
0
0
0
0
0
0
0
0
0
0
0
0
0
0
0
0
0
0
0
0
0
0
0
0
0
0
0
0
0
0
0
0
0
0
0
0
0
0
0
0
0
0
0
0
0
0
0
0
0
0
0
0
0
0
0
0
0
0
0
0
0
0
0
0
2.399614833e-08
2.426228019e-08
2.426232976e-08
2.426216862e-08
0
0
0
0
0
0
0
0
0
)
;

boundaryField
{
    inlet
    {
        type            calculated;
        value           uniform 0;
    }
    frontandback
    {
        type            empty;
    }
    walls
    {
        type            calculated;
        value           uniform 0;
    }
    outlet
    {
        type            calculated;
        value           uniform 0;
    }
}


// ************************************************************************* //
