/*--------------------------------*- C++ -*----------------------------------*\
  =========                 |
  \\      /  F ield         | OpenFOAM: The Open Source CFD Toolbox
   \\    /   O peration     | Website:  https://openfoam.org
    \\  /    A nd           | Version:  9
     \\/     M anipulation  |
\*---------------------------------------------------------------------------*/
FoamFile
{
    format      ascii;
    class       volScalarField;
    location    "10";
    object      Xi_gas_gas8;
}
// * * * * * * * * * * * * * * * * * * * * * * * * * * * * * * * * * * * * * //

dimensions      [0 0 0 0 0 0 0];

internalField   nonuniform List<scalar> 
2215
(
0
0
0
0
0
0
0
0
0
0
0
0
0
0
0
0
0
0
0
0
0
0
0
0
0
0
0
0
0
0
0
0
0
0
0
0
0
0
0
0
0
0
0
0
0
0
0
0
0
0
0
0
0
0
0
0
0
0
0
0
0
0
0
0
0
0
0
0
0
0
0
0
0
0
0
0
0
0
0
0
0
0
0
0
0
0
0
0
0
0
0
0
0
0
0
0
0
0
0
0
0
0
0
0
0
0
0
0
0
0
0
0
0
0
0
0
0
0
0
0
0
0
0
0
0
0
0
0
0
0
0
0
0
0
0
0
0
0
0
0
0
0
0
0
0
0
0
0
0
0
0
0
0
0
0
0
0
0
0
0
0
0
0
0
0
0
0
0
0
0
0
0
0
0
0
0
0
0
0
0
0
0
0
0
0
0
0
0
0
0
0
0
0
0
0
0
0
0
0
0
0
0
0
0
0
0
0
0
0
0
0
0
0
0
0
0
0
0
0
0
0
0
0
0
0
0
0
0
0
0
0
0
0
0
0
0
0
0
0
0
0
0
0
0
0
0
0
0
0
0
0
0
0
0
0
0
0
0
0
0
0
0
0
0
0
0
0
0
0
0
0
0
0
0
0
0
0
0
0
0
0
0
0
0
0
0
0
0
0
0
0
0
0
0
0
0
0
0
0
0
0
0
0
0
0
0
0
0
0
0
0
0
0
0
0
0
0
0
0
0
0
0
0
0
0
0
0
0
0
0
0
0
0
0
0
0
0
0
0
0
0
0
0
0
0
0
0
0
0
0
0
0
0
0
0
0
0
0
0
0
0
0
0
0
0
0
0
0
0
0
0
0
0
0
0
0
0
0
0
0
0
0
0
0
0
0
0
0
0
0
0
0
0
0
0
0
0
0
0
0
0
0
0
0
0
0
0
0
0
0
0
0
0
0
0
0
0
0
0
0
0
0
0
0
0
0
0
0
0
0
0
0
0
0
0
0
0
0
0
0
0
0
0
0
0
0
0
0
0
0
0
0
0
0
0
0
0
0
0
0
0
0
0
0
0
0
0
0
0
0
0
0
0
0
0
0
0
0
0
0
0
0
0
0
0
0
0
0
0
0
0
0
0
0
0
0
0
0
0
0
0
0
0
0
0
0
0
0
0
0
0
0
0
0
0
0
0
0
0
0
0
0
0
0
0
0
0
0
0
0
0
0
0
0
0
0
0
0
0
0
0
0
0
0
0
0
0
0
0
0
0
0
0
0
0
0
0
0
0
0
0
0
0
0
0
0
0
0
0
0
0
0
0
0
0
0
0
0
0
0
0
0
0
0
0
0
0
0
0
0
0
0
0
0
0
0
0
0
0
0
0
0
0
0
0
0
0
0
0
0
0
0
0
0
0
0
0
0
0
0
0
0
0
0
0
0
0
0
0
0
0
0
0
0
0
0
0
0
0
0
0
0
0
0
0
0
0
0
0
0
0
0
0
0
0
0
0
0
0
0
0
0
0
0
0
0
0
0
0
0
0
0
0
0
0
0
0
0
0
0
0
0
0
0
0
0
0
0
0
0
0
0
0
0
0
0
0
0
0
0
0
0
0
0
0
0
0
0
0
0
0
0
0
0
0
0
0
0
0
0
0
0
0
0
0
0
0
0
0
0
0
0
0
0
0
0
0
0
0
0
0
0
0
0
0
0
0
0
0
0
0
0
0
0
0
0
0
0
0
0
0
0
0
0
0
0
0
0
0
0
0
0
0
0
0
0
0
0
0
0
0
0
0
0
0
0
0
0
0
0
0
0
0
0
0
0
0
0
0
0
0
0
0
0
0
0
0
0
0
0
0
0
0
0
0
0
0
0
0
0
0
0
0
0
0
0
0
0
0
0
0
0
0
0
0
0
0
0
0
0
0
0
0
0
0
0
0
0
0
0
0
0
0
0
0
0
0
0
0
0
0
0
0
0
0
0
0
0
0
0
0
0
0
0
0
0
0
0
0
0
0
0
0
0
0
0
0
0
0
0
0
0
0
0
0
0
0
0
0
0
0
0
0
0
0
0
0
0
0
0
0
0
0
0
0
0
0
0
0
0
0
0
0
0
0
1.513470224e-10
1.513161557e-10
1.513168878e-10
1.513282158e-10
1.513708315e-10
1.513934035e-10
0
0
0
0
0
0
0
0
0
0
0
0
0
0
0
1.512885586e-10
1.513010308e-10
1.513044075e-10
1.513000767e-10
1.512924471e-10
1.51302945e-10
1.513220022e-10
1.513496912e-10
1.514443939e-10
0
0
0
0
0
0
0
0
0
0
0
0
0
1.512550275e-10
1.512617484e-10
1.512593201e-10
1.51257764e-10
1.512569651e-10
1.512848328e-10
1.51287665e-10
1.513151034e-10
1.513336176e-10
1.51370653e-10
0
0
0
0
0
0
0
0
0
0
0
0
1.512629447e-10
1.512612097e-10
1.512539344e-10
1.512479689e-10
1.512431846e-10
1.512437839e-10
1.512472438e-10
1.512786217e-10
1.513134417e-10
1.513284902e-10
1.513733112e-10
0
0
0
0
0
0
0
0
0
0
0
1.512588222e-10
1.512548068e-10
1.51244732e-10
1.51237415e-10
1.512345464e-10
1.512351086e-10
1.512360373e-10
1.512517731e-10
1.51273678e-10
1.513056914e-10
1.513369689e-10
1.513998526e-10
0
0
0
0
0
0
0
0
0
0
1.512557478e-10
1.512506727e-10
1.512386858e-10
1.512341424e-10
1.512311407e-10
1.512311984e-10
1.512317787e-10
1.512354055e-10
1.512542051e-10
1.512904286e-10
1.513161336e-10
1.513433399e-10
1.514211811e-10
0
0
0
0
0
0
0
0
0
1.512553366e-10
1.512490961e-10
1.512363479e-10
1.512302898e-10
0
0
0
1.512307585e-10
1.512422409e-10
1.512617698e-10
1.512966321e-10
1.513244982e-10
1.513499515e-10
1.514798061e-10
1.514326664e-10
1.513305674e-10
1.51351476e-10
1.513954826e-10
1.514760346e-10
1.514175614e-10
1.513522041e-10
1.514392578e-10
1.512551441e-10
1.512445215e-10
1.512325674e-10
1.512288028e-10
0
0
0
0
1.51233336e-10
1.512488718e-10
1.512750872e-10
1.513045642e-10
1.513254646e-10
1.513512648e-10
1.513148035e-10
1.512972294e-10
1.512958617e-10
1.513056752e-10
1.513015655e-10
1.513021447e-10
1.513013953e-10
1.513025614e-10
1.51254893e-10
0
1.512315265e-10
0
0
0
0
0
1.512294317e-10
1.512384932e-10
1.5125384e-10
1.5128297e-10
1.513069336e-10
1.513080981e-10
1.512937172e-10
1.512924785e-10
0
0
0
0
0
0
0
0
0
0
0
0
0
0
0
1.512301473e-10
1.512465181e-10
1.512613356e-10
1.512761725e-10
1.512940637e-10
1.512928082e-10
0
0
0
0
0
0
0
1.512546196e-10
0
1.512297035e-10
0
0
0
0
0
0
0
1.512319373e-10
1.512491235e-10
1.51259245e-10
1.512780526e-10
0
0
0
0
0
0
0
0
1.512545016e-10
1.512364229e-10
1.512291961e-10
0
0
0
0
0
0
0
0
1.512436523e-10
1.51242121e-10
1.512493309e-10
0
0
0
0
0
0
0
0
1.512545711e-10
1.512354818e-10
1.51228985e-10
0
0
0
0
0
0
0
0
0
1.512321988e-10
0
0
0
0
0
0
0
0
0
1.512541482e-10
1.512349445e-10
0
0
0
0
0
0
0
0
0
0
0
0
0
0
0
0
0
0
0
0
1.512549364e-10
1.512353982e-10
0
0
0
0
0
0
0
0
0
0
0
0
0
0
0
0
0
0
0
0
1.512549583e-10
1.512350814e-10
0
0
0
0
0
0
0
0
0
0
0
0
0
0
0
0
0
0
0
0
1.512552843e-10
1.512350997e-10
0
0
0
0
0
0
0
0
0
0
0
0
0
0
0
0
0
0
0
0
1.512565495e-10
1.512350859e-10
0
0
0
0
0
0
0
0
0
0
0
0
0
0
0
0
0
0
0
0
1.512989445e-10
1.51343194e-10
0
0
0
0
0
0
0
0
0
0
0
0
0
0
0
0
0
0
0
0
1.513954863e-10
1.513472424e-10
0
0
0
0
0
0
0
0
0
0
0
0
0
0
0
0
0
0
0
0
1.51408492e-10
1.513493927e-10
0
0
0
0
0
0
0
0
0
0
0
0
0
0
0
0
0
0
0
0
1.514082769e-10
1.513510536e-10
0
0
0
0
0
0
0
0
0
0
0
0
0
0
0
0
0
0
0
0
1.514109137e-10
1.513522028e-10
0
0
0
0
0
0
0
0
0
0
0
0
0
0
0
0
0
0
0
0
1.514126526e-10
1.513535801e-10
0
0
0
0
0
0
0
0
0
0
0
0
0
0
0
0
0
0
0
0
1.514142826e-10
1.513545034e-10
0
0
0
0
0
0
0
0
0
0
0
0
0
0
0
0
0
0
0
0
1.514152137e-10
1.513555773e-10
0
0
0
0
0
0
0
0
0
0
0
0
0
0
0
0
0
0
0
0
1.514162614e-10
1.513563963e-10
0
0
0
0
0
0
0
0
0
0
0
0
0
0
0
0
0
0
0
0
1.514173261e-10
1.513567446e-10
0
0
0
0
0
0
0
0
0
0
0
0
0
0
0
0
0
0
0
0
1.514169704e-10
1.51357114e-10
0
0
0
0
0
0
0
0
0
0
0
0
0
0
0
0
0
0
0
0
1.514186588e-10
1.513572683e-10
0
0
0
0
0
0
0
0
0
0
0
0
0
0
0
0
0
0
0
0
1.514196171e-10
1.513574974e-10
0
0
0
0
0
0
0
0
0
0
0
0
0
0
0
0
0
0
0
0
1.514213579e-10
1.513577162e-10
0
0
0
0
0
0
0
0
0
0
0
0
0
0
0
0
0
0
0
0
1.514237866e-10
1.513581793e-10
0
0
0
0
0
0
0
0
0
0
0
0
0
0
0
0
0
0
0
0
1.514271065e-10
1.513584859e-10
0
0
0
0
0
0
0
0
0
0
0
0
0
0
0
0
0
0
0
0
1.514296112e-10
1.513588607e-10
0
0
0
0
0
0
0
0
0
0
0
0
0
0
0
0
0
0
0
0
1.514301194e-10
1.513597881e-10
0
0
0
0
0
0
0
0
0
0
0
0
0
0
0
0
0
0
0
0
1.514376097e-10
1.51360585e-10
0
0
0
0
0
0
0
0
0
0
0
0
0
0
0
0
0
0
0
0
1.514438748e-10
1.513615706e-10
0
0
0
0
0
0
0
0
0
0
0
0
0
0
0
0
0
0
0
0
1.51454019e-10
1.513626459e-10
0
0
0
0
0
0
0
0
0
0
0
0
0
0
0
0
0
0
0
0
1.514671285e-10
1.513638696e-10
0
0
0
0
0
0
0
0
0
0
0
0
0
0
0
0
0
0
0
0
1.514830204e-10
1.513650253e-10
0
0
0
0
0
0
0
0
0
0
0
0
0
0
0
0
0
0
0
0
1.515057713e-10
1.513664802e-10
0
0
0
0
0
0
0
0
0
0
0
0
0
0
0
0
0
0
0
0
1.515193644e-10
1.513676607e-10
0
0
0
0
0
0
0
0
0
0
0
0
0
0
0
0
0
0
0
0
1.515209654e-10
1.513687879e-10
0
0
0
0
0
0
0
0
0
0
0
0
0
0
0
0
0
0
0
0
1.515194599e-10
1.513704383e-10
0
0
0
0
0
0
0
0
0
0
0
0
0
0
0
0
0
0
0
0
1.515640594e-10
1.513721689e-10
0
0
0
0
0
0
0
0
0
0
0
0
0
0
0
0
0
0
0
0
1.515858288e-10
1.513748107e-10
0
0
0
0
0
0
0
0
0
0
0
0
0
0
0
0
0
0
0
0
1.515901905e-10
1.513764419e-10
0
0
0
0
0
0
0
0
0
0
0
0
0
0
0
0
0
0
0
0
1.516729543e-10
1.513809664e-10
0
0
0
0
0
0
0
0
0
0
0
0
0
0
0
0
0
0
0
0
1.517216292e-10
1.513827866e-10
0
0
0
0
0
0
0
0
0
0
0
0
0
0
0
0
0
0
0
0
1.517995961e-10
1.513889076e-10
0
0
0
0
0
0
0
0
0
0
0
0
0
0
0
0
0
0
0
0
1.518281318e-10
1.513944778e-10
0
0
0
0
0
0
0
0
0
0
0
0
0
0
0
0
0
0
0
0
1.518140791e-10
1.513991206e-10
0
0
0
0
0
0
0
0
0
0
0
0
0
0
0
0
0
0
0
0
1.516854942e-10
1.51362442e-10
0
0
0
0
0
0
0
0
0
0
0
0
0
0
0
0
0
0
0
0
0
0
0
0
0
0
0
0
0
0
0
0
0
0
0
0
0
0
0
0
0
0
0
0
0
0
0
0
0
0
0
0
0
0
0
0
0
0
0
0
0
0
0
0
0
0
0
0
0
0
0
0
0
0
0
0
0
0
0
0
0
0
0
0
0
0
0
0
0
0
0
0
0
0
0
0
0
0
0
0
0
0
0
0
0
0
0
0
0
0
1.553628548e-10
1.513427524e-10
1.513348699e-10
1.513340817e-10
0
0
0
0
0
0
0
0
0
)
;

boundaryField
{
    inlet
    {
        type            calculated;
        value           uniform 0;
    }
    frontandback
    {
        type            empty;
    }
    walls
    {
        type            calculated;
        value           uniform 0;
    }
    outlet
    {
        type            calculated;
        value           uniform 0;
    }
}


// ************************************************************************* //
