/*--------------------------------*- C++ -*----------------------------------*\
  =========                 |
  \\      /  F ield         | OpenFOAM: The Open Source CFD Toolbox
   \\    /   O peration     | Website:  https://openfoam.org
    \\  /    A nd           | Version:  9
     \\/     M anipulation  |
\*---------------------------------------------------------------------------*/
FoamFile
{
    format      ascii;
    class       volScalarField;
    location    "10";
    object      Xi_gas_gas13;
}
// * * * * * * * * * * * * * * * * * * * * * * * * * * * * * * * * * * * * * //

dimensions      [0 0 0 0 0 0 0];

internalField   nonuniform List<scalar> 
2215
(
0
0
0
0
0
0
0
0
0
0
0
0
0
0
0
0
0
0
0
0
0
0
0
0
0
0
0
0
0
0
0
0
0
0
0
0
0
0
0
0
0
0
0
0
0
0
0
0
0
0
0
0
0
0
0
0
0
0
0
0
0
0
0
0
0
0
0
0
0
0
0
0
0
0
0
0
0
0
0
0
0
0
0
0
0
0
0
0
0
0
0
0
0
0
0
0
0
0
0
0
0
0
0
0
0
0
0
0
0
0
0
0
0
0
0
0
0
0
0
0
0
0
0
0
0
0
0
0
0
0
0
0
0
0
0
0
0
0
0
0
0
0
0
0
0
0
0
0
0
0
0
0
0
0
0
0
0
0
0
0
0
0
0
0
0
0
0
0
0
0
0
0
0
0
0
0
0
0
0
0
0
0
0
0
0
0
0
0
0
0
0
0
0
0
0
0
0
0
0
0
0
0
0
0
0
0
0
0
0
0
0
0
0
0
0
0
0
0
0
0
0
0
0
0
0
0
0
0
0
0
0
0
0
0
0
0
0
0
0
0
0
0
0
0
0
0
0
0
0
0
0
0
0
0
0
0
0
0
0
0
0
0
0
0
0
0
0
0
0
0
0
0
0
0
0
0
0
0
0
0
0
0
0
0
0
0
0
0
0
0
0
0
0
0
0
0
0
0
0
0
0
0
0
0
0
0
0
0
0
0
0
0
0
0
0
0
0
0
0
0
0
0
0
0
0
0
0
0
0
0
0
0
0
0
0
0
0
0
0
0
0
0
0
0
0
0
0
0
0
0
0
0
0
0
0
0
0
0
0
0
0
0
0
0
0
0
0
0
0
0
0
0
0
0
0
0
0
0
0
0
0
0
0
0
0
0
0
0
0
0
0
0
0
0
0
0
0
0
0
0
0
0
0
0
0
0
0
0
0
0
0
0
0
0
0
0
0
0
0
0
0
0
0
0
0
0
0
0
0
0
0
0
0
0
0
0
0
0
0
0
0
0
0
0
0
0
0
0
0
0
0
0
0
0
0
0
0
0
0
0
0
0
0
0
0
0
0
0
0
0
0
0
0
0
0
0
0
0
0
0
0
0
0
0
0
0
0
0
0
0
0
0
0
0
0
0
0
0
0
0
0
0
0
0
0
0
0
0
0
0
0
0
0
0
0
0
0
0
0
0
0
0
0
0
0
0
0
0
0
0
0
0
0
0
0
0
0
0
0
0
0
0
0
0
0
0
0
0
0
0
0
0
0
0
0
0
0
0
0
0
0
0
0
0
0
0
0
0
0
0
0
0
0
0
0
0
0
0
0
0
0
0
0
0
0
0
0
0
0
0
0
0
0
0
0
0
0
0
0
0
0
0
0
0
0
0
0
0
0
0
0
0
0
0
0
0
0
0
0
0
0
0
0
0
0
0
0
0
0
0
0
0
0
0
0
0
0
0
0
0
0
0
0
0
0
0
0
0
0
0
0
0
0
0
0
0
0
0
0
0
0
0
0
0
0
0
0
0
0
0
0
0
0
0
0
0
0
0
0
0
0
0
0
0
0
0
0
0
0
0
0
0
0
0
0
0
0
0
0
0
0
0
0
0
0
0
0
0
0
0
0
0
0
0
0
0
0
0
0
0
0
0
0
0
0
0
0
0
0
0
0
0
0
0
0
0
0
0
0
0
0
0
0
0
0
0
0
0
0
0
0
0
0
0
0
0
0
0
0
0
0
0
0
0
0
0
0
0
0
0
0
0
0
0
0
0
0
0
0
0
0
0
0
0
0
0
0
0
0
0
0
0
0
0
0
0
0
0
0
0
0
0
0
0
0
0
0
0
0
0
0
0
0
0
0
0
0
0
0
0
0
0
0
0
0
0
0
0
0
0
0
0
0
0
0
0
0
0
0
0
0
0
0
0
0
0
0
0
0
0
0
0
0
0
0
0
0
0
0
0
0
0
0
0
0
0
0
0
0
0
0
0
0
0
0
0
0
0
0
0
0
0
0
0
0
0
0
0
0
0
0
0
0
0
0
0
0
0
0
0
0
0
0
0
0
0
0
0
0
0
0
0
0
0
0
0
0
0
0
0
0
0
0
0
0
7.2779762e-13
7.279656447e-13
7.279559478e-13
7.278487676e-13
7.274921659e-13
7.273527938e-13
0
0
0
0
0
0
0
0
0
0
0
0
0
0
0
7.282663579e-13
7.281078509e-13
7.280722829e-13
7.281277676e-13
7.282132988e-13
7.2808219e-13
7.278767577e-13
7.276339539e-13
7.268893289e-13
0
0
0
0
0
0
0
0
0
0
0
0
0
7.285686572e-13
7.284403743e-13
7.284709994e-13
7.285045427e-13
7.285382149e-13
7.282875537e-13
7.282545405e-13
7.279639842e-13
7.277625605e-13
7.274528515e-13
0
0
0
0
0
0
0
0
0
0
0
0
7.284130594e-13
7.28436533e-13
7.28547054e-13
7.286615081e-13
7.287558679e-13
7.287533615e-13
7.287028688e-13
7.283511438e-13
7.279881872e-13
7.278286344e-13
7.274314652e-13
0
0
0
0
0
0
0
0
0
0
0
7.284366162e-13
7.285039688e-13
7.28701567e-13
7.288285709e-13
7.288950762e-13
7.288909966e-13
7.288761516e-13
7.286996698e-13
7.284042818e-13
7.280610683e-13
7.277568211e-13
7.271984621e-13
0
0
0
0
0
0
0
0
0
0
7.284482412e-13
7.285780841e-13
7.288121989e-13
7.288960247e-13
7.289531985e-13
7.289558482e-13
7.289461716e-13
7.288996441e-13
7.28653369e-13
7.282366535e-13
7.279751606e-13
7.277070692e-13
7.270429484e-13
0
0
0
0
0
0
0
0
0
7.284463295e-13
7.28644759e-13
7.288644718e-13
7.289723486e-13
0
0
0
7.28977577e-13
7.28834656e-13
7.285441061e-13
7.281695119e-13
7.279052641e-13
7.276862568e-13
7.265963844e-13
7.270111218e-13
7.279168759e-13
7.277422358e-13
7.273705535e-13
7.265424247e-13
7.271589053e-13
7.277240847e-13
7.269837776e-13
7.284459691e-13
7.287293097e-13
7.28928332e-13
7.290042176e-13
0
0
0
0
7.289596657e-13
7.287276385e-13
7.284120165e-13
7.281029123e-13
7.279156256e-13
7.2772404e-13
7.280535866e-13
7.282051264e-13
7.282175259e-13
7.281233154e-13
7.281712862e-13
7.281634134e-13
7.281711066e-13
7.281616503e-13
7.284454635e-13
0
7.289515819e-13
0
0
0
0
0
7.290188401e-13
7.288811564e-13
7.28655515e-13
7.283327946e-13
7.281149811e-13
7.281027979e-13
7.282447571e-13
7.282343553e-13
0
0
0
0
0
0
0
0
0
0
0
0
0
0
0
7.290070406e-13
7.28769166e-13
7.285760246e-13
7.284152181e-13
7.282367645e-13
7.282430699e-13
0
0
0
0
0
0
0
7.28442468e-13
0
7.289821372e-13
0
0
0
0
0
0
0
7.289753561e-13
7.287249451e-13
7.285981054e-13
7.284073969e-13
0
0
0
0
0
0
0
0
7.284414946e-13
7.288661613e-13
7.289911165e-13
0
0
0
0
0
0
0
0
7.288318437e-13
7.287921354e-13
7.286838842e-13
0
0
0
0
0
0
0
0
7.284375839e-13
7.288805904e-13
7.289954153e-13
0
0
0
0
0
0
0
0
0
7.289265487e-13
0
0
0
0
0
0
0
0
0
7.284397113e-13
7.288922692e-13
0
0
0
0
0
0
0
0
0
0
0
0
0
0
0
0
0
0
0
0
7.284329898e-13
7.28891934e-13
0
0
0
0
0
0
0
0
0
0
0
0
0
0
0
0
0
0
0
0
7.284333455e-13
7.28898052e-13
0
0
0
0
0
0
0
0
0
0
0
0
0
0
0
0
0
0
0
0
7.284334161e-13
7.28899703e-13
0
0
0
0
0
0
0
0
0
0
0
0
0
0
0
0
0
0
0
0
7.284232277e-13
7.289006181e-13
0
0
0
0
0
0
0
0
0
0
0
0
0
0
0
0
0
0
0
0
7.281242789e-13
7.275812453e-13
0
0
0
0
0
0
0
0
0
0
0
0
0
0
0
0
0
0
0
0
7.269395593e-13
7.275268789e-13
0
0
0
0
0
0
0
0
0
0
0
0
0
0
0
0
0
0
0
0
7.26733598e-13
7.275005877e-13
0
0
0
0
0
0
0
0
0
0
0
0
0
0
0
0
0
0
0
0
7.267330812e-13
7.274820036e-13
0
0
0
0
0
0
0
0
0
0
0
0
0
0
0
0
0
0
0
0
7.267227826e-13
7.274693141e-13
0
0
0
0
0
0
0
0
0
0
0
0
0
0
0
0
0
0
0
0
7.266950646e-13
7.274538579e-13
0
0
0
0
0
0
0
0
0
0
0
0
0
0
0
0
0
0
0
0
7.266732541e-13
7.274440108e-13
0
0
0
0
0
0
0
0
0
0
0
0
0
0
0
0
0
0
0
0
7.266568985e-13
7.274324506e-13
0
0
0
0
0
0
0
0
0
0
0
0
0
0
0
0
0
0
0
0
7.266448763e-13
7.274241261e-13
0
0
0
0
0
0
0
0
0
0
0
0
0
0
0
0
0
0
0
0
7.266330853e-13
7.274202733e-13
0
0
0
0
0
0
0
0
0
0
0
0
0
0
0
0
0
0
0
0
7.266362791e-13
7.274169578e-13
0
0
0
0
0
0
0
0
0
0
0
0
0
0
0
0
0
0
0
0
7.266213496e-13
7.274155067e-13
0
0
0
0
0
0
0
0
0
0
0
0
0
0
0
0
0
0
0
0
7.266130315e-13
7.274137071e-13
0
0
0
0
0
0
0
0
0
0
0
0
0
0
0
0
0
0
0
0
7.265989967e-13
7.27411899e-13
0
0
0
0
0
0
0
0
0
0
0
0
0
0
0
0
0
0
0
0
7.265804995e-13
7.274079245e-13
0
0
0
0
0
0
0
0
0
0
0
0
0
0
0
0
0
0
0
0
7.265532738e-13
7.274049736e-13
0
0
0
0
0
0
0
0
0
0
0
0
0
0
0
0
0
0
0
0
7.265310725e-13
7.274011052e-13
0
0
0
0
0
0
0
0
0
0
0
0
0
0
0
0
0
0
0
0
7.265227909e-13
7.273927387e-13
0
0
0
0
0
0
0
0
0
0
0
0
0
0
0
0
0
0
0
0
7.264578163e-13
7.273851086e-13
0
0
0
0
0
0
0
0
0
0
0
0
0
0
0
0
0
0
0
0
7.264038356e-13
7.273759986e-13
0
0
0
0
0
0
0
0
0
0
0
0
0
0
0
0
0
0
0
0
7.263163303e-13
7.273659319e-13
0
0
0
0
0
0
0
0
0
0
0
0
0
0
0
0
0
0
0
0
7.262090923e-13
7.273550005e-13
0
0
0
0
0
0
0
0
0
0
0
0
0
0
0
0
0
0
0
0
7.260813843e-13
7.273449559e-13
0
0
0
0
0
0
0
0
0
0
0
0
0
0
0
0
0
0
0
0
7.259132719e-13
7.273324453e-13
0
0
0
0
0
0
0
0
0
0
0
0
0
0
0
0
0
0
0
0
7.258027224e-13
7.273229408e-13
0
0
0
0
0
0
0
0
0
0
0
0
0
0
0
0
0
0
0
0
7.257888325e-13
7.273141513e-13
0
0
0
0
0
0
0
0
0
0
0
0
0
0
0
0
0
0
0
0
7.25837997e-13
7.273008121e-13
0
0
0
0
0
0
0
0
0
0
0
0
0
0
0
0
0
0
0
0
7.25454313e-13
7.272884496e-13
0
0
0
0
0
0
0
0
0
0
0
0
0
0
0
0
0
0
0
0
7.252633853e-13
7.272659829e-13
0
0
0
0
0
0
0
0
0
0
0
0
0
0
0
0
0
0
0
0
7.252333353e-13
7.272569753e-13
0
0
0
0
0
0
0
0
0
0
0
0
0
0
0
0
0
0
0
0
7.244824903e-13
7.272197097e-13
0
0
0
0
0
0
0
0
0
0
0
0
0
0
0
0
0
0
0
0
7.241032964e-13
7.272124139e-13
0
0
0
0
0
0
0
0
0
0
0
0
0
0
0
0
0
0
0
0
7.234643937e-13
7.271673398e-13
0
0
0
0
0
0
0
0
0
0
0
0
0
0
0
0
0
0
0
0
7.232830637e-13
7.271346336e-13
0
0
0
0
0
0
0
0
0
0
0
0
0
0
0
0
0
0
0
0
7.234370741e-13
7.271027992e-13
0
0
0
0
0
0
0
0
0
0
0
0
0
0
0
0
0
0
0
0
7.246416346e-13
7.274372285e-13
0
0
0
0
0
0
0
0
0
0
0
0
0
0
0
0
0
0
0
0
0
0
0
0
0
0
0
0
0
0
0
0
0
0
0
0
0
0
0
0
0
0
0
0
0
0
0
0
0
0
0
0
0
0
0
0
0
0
0
0
0
0
0
0
0
0
0
0
0
0
0
0
0
0
0
0
0
0
0
0
0
0
0
0
0
0
0
0
0
0
0
0
0
0
0
0
0
0
0
0
0
0
0
0
0
0
0
0
0
0
6.932965312e-13
7.277535647e-13
7.277893068e-13
7.277808967e-13
0
0
0
0
0
0
0
0
0
)
;

boundaryField
{
    inlet
    {
        type            calculated;
        value           uniform 0;
    }
    frontandback
    {
        type            empty;
    }
    walls
    {
        type            calculated;
        value           uniform 0;
    }
    outlet
    {
        type            calculated;
        value           uniform 0;
    }
}


// ************************************************************************* //
