/*--------------------------------*- C++ -*----------------------------------*\
  =========                 |
  \\      /  F ield         | OpenFOAM: The Open Source CFD Toolbox
   \\    /   O peration     | Website:  https://openfoam.org
    \\  /    A nd           | Version:  9
     \\/     M anipulation  |
\*---------------------------------------------------------------------------*/
FoamFile
{
    format      ascii;
    class       volScalarField;
    location    "10";
    object      Xi_gas_gas5;
}
// * * * * * * * * * * * * * * * * * * * * * * * * * * * * * * * * * * * * * //

dimensions      [0 0 0 0 0 0 0];

internalField   nonuniform List<scalar> 
2215
(
0
0
0
0
0
0
0
0
0
0
0
0
0
0
0
0
0
0
0
0
0
0
0
0
0
0
0
0
0
0
0
0
0
0
0
0
0
0
0
0
0
0
0
0
0
0
0
0
0
0
0
0
0
0
0
0
0
0
0
0
0
0
0
0
0
0
0
0
0
0
0
0
0
0
0
0
0
0
0
0
0
0
0
0
0
0
0
0
0
0
0
0
0
0
0
0
0
0
0
0
0
0
0
0
0
0
0
0
0
0
0
0
0
0
0
0
0
0
0
0
0
0
0
0
0
0
0
0
0
0
0
0
0
0
0
0
0
0
0
0
0
0
0
0
0
0
0
0
0
0
0
0
0
0
0
0
0
0
0
0
0
0
0
0
0
0
0
0
0
0
0
0
0
0
0
0
0
0
0
0
0
0
0
0
0
0
0
0
0
0
0
0
0
0
0
0
0
0
0
0
0
0
0
0
0
0
0
0
0
0
0
0
0
0
0
0
0
0
0
0
0
0
0
0
0
0
0
0
0
0
0
0
0
0
0
0
0
0
0
0
0
0
0
0
0
0
0
0
0
0
0
0
0
0
0
0
0
0
0
0
0
0
0
0
0
0
0
0
0
0
0
0
0
0
0
0
0
0
0
0
0
0
0
0
0
0
0
0
0
0
0
0
0
0
0
0
0
0
0
0
0
0
0
0
0
0
0
0
0
0
0
0
0
0
0
0
0
0
0
0
0
0
0
0
0
0
0
0
0
0
0
0
0
0
0
0
0
0
0
0
0
0
0
0
0
0
0
0
0
0
0
0
0
0
0
0
0
0
0
0
0
0
0
0
0
0
0
0
0
0
0
0
0
0
0
0
0
0
0
0
0
0
0
0
0
0
0
0
0
0
0
0
0
0
0
0
0
0
0
0
0
0
0
0
0
0
0
0
0
0
0
0
0
0
0
0
0
0
0
0
0
0
0
0
0
0
0
0
0
0
0
0
0
0
0
0
0
0
0
0
0
0
0
0
0
0
0
0
0
0
0
0
0
0
0
0
0
0
0
0
0
0
0
0
0
0
0
0
0
0
0
0
0
0
0
0
0
0
0
0
0
0
0
0
0
0
0
0
0
0
0
0
0
0
0
0
0
0
0
0
0
0
0
0
0
0
0
0
0
0
0
0
0
0
0
0
0
0
0
0
0
0
0
0
0
0
0
0
0
0
0
0
0
0
0
0
0
0
0
0
0
0
0
0
0
0
0
0
0
0
0
0
0
0
0
0
0
0
0
0
0
0
0
0
0
0
0
0
0
0
0
0
0
0
0
0
0
0
0
0
0
0
0
0
0
0
0
0
0
0
0
0
0
0
0
0
0
0
0
0
0
0
0
0
0
0
0
0
0
0
0
0
0
0
0
0
0
0
0
0
0
0
0
0
0
0
0
0
0
0
0
0
0
0
0
0
0
0
0
0
0
0
0
0
0
0
0
0
0
0
0
0
0
0
0
0
0
0
0
0
0
0
0
0
0
0
0
0
0
0
0
0
0
0
0
0
0
0
0
0
0
0
0
0
0
0
0
0
0
0
0
0
0
0
0
0
0
0
0
0
0
0
0
0
0
0
0
0
0
0
0
0
0
0
0
0
0
0
0
0
0
0
0
0
0
0
0
0
0
0
0
0
0
0
0
0
0
0
0
0
0
0
0
0
0
0
0
0
0
0
0
0
0
0
0
0
0
0
0
0
0
0
0
0
0
0
0
0
0
0
0
0
0
0
0
0
0
0
0
0
0
0
0
0
0
0
0
0
0
0
0
0
0
0
0
0
0
0
0
0
0
0
0
0
0
0
0
0
0
0
0
0
0
0
0
0
0
0
0
0
0
0
0
0
0
0
0
0
0
0
0
0
0
0
0
0
0
0
0
0
0
0
0
0
0
0
0
0
0
0
0
0
0
0
0
0
0
0
0
0
0
0
0
0
0
0
0
0
0
0
0
0
0
0
0
0
0
0
0
0
0
0
0
0
0
0
0
0
0
0
0
0
0
0
0
0
0
0
0
0
0
0
0
0
0
0
0
0
0
0
0
0
0
0
0
0
0
0
0
0
0
0
0
0
0
0.002316993797
0.002374443041
0.002390747454
0.002351191393
0.002323899073
0.002326730545
0
0
0
0
0
0
0
0
0
0
0
0
0
0
0
0.002416986354
0.002330692576
0.002330838523
0.002419193895
0.002378935017
0.002323166624
0.002349033629
0.002318535924
0.002319180144
0
0
0
0
0
0
0
0
0
0
0
0
0
0.003531641206
0.00319137689
0.0031319682
0.003168687378
0.003331512619
0.002342222174
0.002366626774
0.002362054212
0.002305960749
0.002325078494
0
0
0
0
0
0
0
0
0
0
0
0
0.002955904358
0.002841079882
0.0028656365
0.002921251121
0.003047339745
0.003254334982
0.003575514578
0.002365247854
0.002354157702
0.002328845035
0.002308894293
0
0
0
0
0
0
0
0
0
0
0
0.002689985924
0.002636070165
0.002640543433
0.002710237901
0.002827985111
0.003108326892
0.003376422687
0.002341967931
0.002373659928
0.002336118339
0.002309317758
0.002319206087
0
0
0
0
0
0
0
0
0
0
0.002525412984
0.002471422524
0.002484904614
0.002545659416
0.00271924541
0.003026252498
0.003441485261
0.003719063133
0.002359026011
0.002344321374
0.002335662588
0.002311371629
0.002308272695
0
0
0
0
0
0
0
0
0
0.002400067954
0.002397865305
0.002432825515
0.002467210799
0
0
0
0.003915619804
0.002422967555
0.002359820304
0.002302544223
0.002331938981
0.002336454919
0.002335469094
0.002319404147
0.002337289255
0.002332046763
0.002335836399
0.002405744132
0.002315946429
0.002319032028
0.002325122995
0.002340893446
0.002326817817
0.002363381898
0.002414197852
0
0
0
0
0.002331724537
0.002362518928
0.00235601006
0.00230339822
0.002306347034
0.002342664576
0.002342418418
0.002320215623
0.002338748864
0.002348279736
0.002350902521
0.00236823087
0.002344999156
0.00230439848
0.002327407467
0
0.002330967976
0
0
0
0
0
0.002309305804
0.002389498731
0.002309140135
0.002349643288
0.002337743922
0.002322243411
0.002356809516
0.002527019406
0
0
0
0
0
0
0
0
0
0
0
0
0
0
0
0.002322841013
0.002361791695
0.00230319352
0.002343518604
0.002381740259
0.00237777153
0
0
0
0
0
0
0
0.002349735786
0
0.00242830815
0
0
0
0
0
0
0
0.002300016482
0.002374857
0.002312399425
0.002421870876
0
0
0
0
0
0
0
0
0.002549302633
0.002425631351
0.002584062341
0
0
0
0
0
0
0
0
0.002300356173
0.005006712594
0.005004142753
0
0
0
0
0
0
0
0
0.002795204918
0.002625169553
0.002902589097
0
0
0
0
0
0
0
0
0
0.004957659487
0
0
0
0
0
0
0
0
0
0.002670523737
0.003153083067
0
0
0
0
0
0
0
0
0
0
0
0
0
0
0
0
0
0
0
0
0.003537187058
0.004024125273
0
0
0
0
0
0
0
0
0
0
0
0
0
0
0
0
0
0
0
0
0.00411437549
0.004919828357
0
0
0
0
0
0
0
0
0
0
0
0
0
0
0
0
0
0
0
0
0.003853334625
0.006103936158
0
0
0
0
0
0
0
0
0
0
0
0
0
0
0
0
0
0
0
0
0.005401549684
0.008211712749
0
0
0
0
0
0
0
0
0
0
0
0
0
0
0
0
0
0
0
0
0.002414714334
0.002406177476
0
0
0
0
0
0
0
0
0
0
0
0
0
0
0
0
0
0
0
0
0.002372330069
0.002219862998
0
0
0
0
0
0
0
0
0
0
0
0
0
0
0
0
0
0
0
0
0.002245510125
0.002381796129
0
0
0
0
0
0
0
0
0
0
0
0
0
0
0
0
0
0
0
0
0.002247299383
0.002443446262
0
0
0
0
0
0
0
0
0
0
0
0
0
0
0
0
0
0
0
0
0.002486758288
0.002562050573
0
0
0
0
0
0
0
0
0
0
0
0
0
0
0
0
0
0
0
0
0.002308300525
0.00286271131
0
0
0
0
0
0
0
0
0
0
0
0
0
0
0
0
0
0
0
0
0.002599550192
0.003274771054
0
0
0
0
0
0
0
0
0
0
0
0
0
0
0
0
0
0
0
0
0.002453882036
0.003738303869
0
0
0
0
0
0
0
0
0
0
0
0
0
0
0
0
0
0
0
0
0.002815432109
0.00421325561
0
0
0
0
0
0
0
0
0
0
0
0
0
0
0
0
0
0
0
0
0.002802424067
0.004768218096
0
0
0
0
0
0
0
0
0
0
0
0
0
0
0
0
0
0
0
0
0.002647285132
0.005636216625
0
0
0
0
0
0
0
0
0
0
0
0
0
0
0
0
0
0
0
0
0.003762693104
0.006995596662
0
0
0
0
0
0
0
0
0
0
0
0
0
0
0
0
0
0
0
0
0.004688797754
0.008504022573
0
0
0
0
0
0
0
0
0
0
0
0
0
0
0
0
0
0
0
0
0.00603416109
0.0104728485
0
0
0
0
0
0
0
0
0
0
0
0
0
0
0
0
0
0
0
0
0.007760398347
0.01276112561
0
0
0
0
0
0
0
0
0
0
0
0
0
0
0
0
0
0
0
0
0.01002871343
0.01546972844
0
0
0
0
0
0
0
0
0
0
0
0
0
0
0
0
0
0
0
0
0.01173018325
0.01726055136
0
0
0
0
0
0
0
0
0
0
0
0
0
0
0
0
0
0
0
0
0.01208802963
0.02289806162
0
0
0
0
0
0
0
0
0
0
0
0
0
0
0
0
0
0
0
0
0.0173719171
0.02864921498
0
0
0
0
0
0
0
0
0
0
0
0
0
0
0
0
0
0
0
0
0.02125220126
0.03513872668
0
0
0
0
0
0
0
0
0
0
0
0
0
0
0
0
0
0
0
0
0.02784604013
0.04330076114
0
0
0
0
0
0
0
0
0
0
0
0
0
0
0
0
0
0
0
0
0.03568327037
0.05177427778
0
0
0
0
0
0
0
0
0
0
0
0
0
0
0
0
0
0
0
0
0.0447351306
0.05961388101
0
0
0
0
0
0
0
0
0
0
0
0
0
0
0
0
0
0
0
0
0.05620468203
0.06931486941
0
0
0
0
0
0
0
0
0
0
0
0
0
0
0
0
0
0
0
0
0.0637739163
0.07626331362
0
0
0
0
0
0
0
0
0
0
0
0
0
0
0
0
0
0
0
0
0.0648560028
0.08241265589
0
0
0
0
0
0
0
0
0
0
0
0
0
0
0
0
0
0
0
0
0.06226342904
0.09461511631
0
0
0
0
0
0
0
0
0
0
0
0
0
0
0
0
0
0
0
0
0.08705841182
0.1046526625
0
0
0
0
0
0
0
0
0
0
0
0
0
0
0
0
0
0
0
0
0.0976136804
0.1262205108
0
0
0
0
0
0
0
0
0
0
0
0
0
0
0
0
0
0
0
0
0.09975178296
0.1305606626
0
0
0
0
0
0
0
0
0
0
0
0
0
0
0
0
0
0
0
0
0.140217114
0.1593559891
0
0
0
0
0
0
0
0
0
0
0
0
0
0
0
0
0
0
0
0
0.154884849
0.159455085
0
0
0
0
0
0
0
0
0
0
0
0
0
0
0
0
0
0
0
0
0.1752807898
0.1690850848
0
0
0
0
0
0
0
0
0
0
0
0
0
0
0
0
0
0
0
0
0.1731894306
0.1663242408
0
0
0
0
0
0
0
0
0
0
0
0
0
0
0
0
0
0
0
0
0.1792581843
0.1692854783
0
0
0
0
0
0
0
0
0
0
0
0
0
0
0
0
0
0
0
0
0.171968789
0.1703336187
0
0
0
0
0
0
0
0
0
0
0
0
0
0
0
0
0
0
0
0
0
0
0
0
0
0
0
0
0
0
0
0
0
0
0
0
0
0
0
0
0
0
0
0
0
0
0
0
0
0
0
0
0
0
0
0
0
0
0
0
0
0
0
0
0
0
0
0
0
0
0
0
0
0
0
0
0
0
0
0
0
0
0
0
0
0
0
0
0
0
0
0
0
0
0
0
0
0
0
0
0
0
0
0
0
0
0
0
0
0
0.2219517745
0.1961048436
0.1975749546
0.2119357976
0
0
0
0
0
0
0
0
0
)
;

boundaryField
{
    inlet
    {
        type            calculated;
        value           uniform 0;
    }
    frontandback
    {
        type            empty;
    }
    walls
    {
        type            calculated;
        value           uniform 0;
    }
    outlet
    {
        type            calculated;
        value           uniform 0;
    }
}


// ************************************************************************* //
